25 50 relu 
-2.61029 -1.68034 -0.613617 1.38649 3.71102 1.7968 0.639885 0.0146606 0.0156363 0.452626 -2.63708 -0.904524 1.35812 0.783206 -0.993237 -1.53901 1.09849 0.99554 0.327984 3.34334 4.69466 1.09203 0.806197 1.2636 -6.87561 
3.23539 0.74136 -1.17064 -1.79269 -2.81239 1.60064 -0.454308 -0.666977 0.0543527 1.66292 -1.34755 -0.125303 1.8145 1.57825 -1.4331 -1.28879 -0.110766 -0.0770569 -0.424895 1.61799 3.4865 1.25583 0.117308 -0.299244 -4.86807 
-0.0452268 -0.160295 0.410864 0.758134 0.482684 -3.40341 -1.172 -0.138989 1.7701 2.63343 1.46565 0.357389 -0.385611 -1.46856 -0.407857 -2.66986 -1.43751 -1.08481 -0.881003 1.12612 -1.16826 -1.94325 -1.17681 -2.75184 -0.239825 
-2.09841 -0.986001 -0.689431 0.789152 2.58045 0.915812 0.0366289 1.11928 1.76125 2.6463 -1.51028 -0.705175 -0.894906 -1.02371 0.832468 -0.428793 -0.0300104 1.26311 2.75517 0.299227 -4.64681 -1.1134 -0.025606 1.53668 0.0162077 
-0.773123 0.0682101 0.529126 -1.02166 -0.0427852 -0.297268 0.601468 0.178476 -0.209383 0.465322 -0.033974 0.434223 -0.903896 -0.784122 0.22337 -0.762232 -0.820958 -0.446902 -0.989391 -0.166779 -0.943696 0.41323 0.855275 -0.558921 -0.700583 
1.05583 -0.129126 -0.588743 0.195221 1.1089 1.67917 1.1092 0.116725 -1.61082 -1.99544 0.465627 1.82935 1.02077 -0.773432 -2.59305 -0.357349 1.13382 1.32588 0.573751 2.80095 3.59212 0.704898 0.936257 0.390176 -10.0182 
-0.361501 0.258538 -0.746576 0.302507 0.243268 0.606146 -0.504316 -0.0471364 -0.221372 -0.593499 -0.94325 0.803347 -0.147005 -0.715958 0.894974 -0.179374 -0.737623 0.771297 -0.815653 -0.675603 -0.857873 -0.269322 -0.493885 -0.729781 0.566306 
-0.943237 0.403737 0.263177 -0.194501 -0.231212 0.375753 -1.62557 -0.946398 0.779647 0.994367 0.420963 -0.886116 0.346716 0.500701 3.62963 -4.68043 -5.34921 -2.92844 -1.35267 -0.0764712 4.81545 1.60859 0.021198 1.29775 6.13461 
2.46554 -0.648688 0.231022 0.0865539 -1.06022 0.744498 2.10089 0.575749 -1.68976 -0.487018 1.161 0.569814 -0.0011245 -1.19611 -2.11849 1.87613 1.73011 1.06803 2.14218 3.81126 -1.92184 -2.5936 -1.7197 -0.680877 -5.49943 
-0.891251 1.26192 1.36108 0.147682 -1.07313 1.7129 2.28549 1.48945 1.44032 1.46654 -0.896112 0.261407 1.26518 1.84445 2.37468 2.56806 0.310773 -0.0324692 -2.50723 -2.15824 -1.81071 -1.24786 -1.68898 -1.55771 1.41766 
1.15631 0.884146 0.547056 -0.44954 -2.85713 1.46857 1.84218 1.85568 -0.7443 -2.96064 -2.14808 -1.62714 -2.43061 -2.77647 -3.89117 -0.046926 1.75592 2.04049 0.716365 0.1907 -1.14471 -1.35847 -0.470501 -0.125663 -0.151204 
-0.668164 -1.37886 -1.35074 -1.56977 -0.695819 -1.86813 0.86736 0.345681 1.12878 3.77644 2.02883 -0.707235 -0.259459 2.25679 -1.56347 -1.01946 2.143 1.38015 0.106152 0.457094 0.90583 -0.540159 -1.07534 -1.89842 4.197 
-4.93869 -0.566537 0.183344 1.04643 2.14914 -0.945822 -0.173143 -0.580663 -0.272591 0.823891 -0.349839 0.257198 -1.31679 -1.63729 -1.21231 5.61812 3.02792 0.577462 -0.495784 -1.94399 -4.69608 -3.00637 -2.79463 -1.22856 -0.630553 
-3.35159 -0.778496 0.039675 -1.13028 -3.81805 -6.56303 -4.38044 -1.86668 -1.18851 0.311746 0.950348 -0.268526 -1.83122 -2.51822 -0.746431 2.19192 1.563 -0.193818 0.1389 -0.973869 1.70101 1.11438 1.13251 -0.0835596 -1.32687 
-1.27327 -1.62772 0.314918 0.394791 0.34127 -2.79425 -0.781235 -0.144407 1.11231 4.41205 -1.14216 -0.631804 -0.433672 0.328284 1.62719 1.31008 1.09404 -0.943429 -2.50436 -5.34662 -3.95424 1.47219 2.03894 1.85106 4.68521 
3.81193 0.45442 -1.35301 -2.59319 -2.30843 -4.75726 -4.57868 -2.8957 -3.03434 -2.49115 0.943363 0.612646 1.68846 2.09201 2.26515 -4.4388 -3.78122 -3.40954 -0.864618 0.344145 -2.75023 -2.07126 -0.622453 1.65576 6.29637 
4.92451 0.094033 -0.161771 -0.749179 0.761845 -1.21532 -3.29878 -4.89732 -4.93766 -3.90745 -2.08436 -2.22249 -2.23947 -2.25127 -1.32669 -6.11685 -4.43998 -0.58579 2.53272 4.64239 2.91703 0.669894 -1.39095 -2.16889 -2.79549 
2.62855 0.791065 -0.852546 -2.15596 -2.28757 -2.59647 -2.58772 -0.334924 -2.04411 -1.7391 1.57595 -0.166876 0.0829966 0.624145 0.860352 -1.89753 -0.960129 0.588218 -0.579034 0.0788921 2.6713 1.08995 -1.25612 -1.12491 1.31378 
3.3755 0.127326 0.100743 0.155456 2.19572 -1.48383 0.192365 0.134733 -2.08141 -0.398957 0.985437 -1.97184 -4.0828 -4.2311 -5.92323 -4.06437 -3.41964 -2.30926 -2.80937 -2.42222 -0.570566 -1.45681 -1.65847 -0.059351 -1.53433 
3.58283 -0.919548 -0.330484 -2.04096 -2.60082 -0.347604 0.260227 0.337799 0.0315729 1.55196 2.29775 0.744436 -0.859487 -0.956098 1.06701 2.20529 -1.12946 -0.395268 0.172333 0.685671 -0.192305 0.121669 0.328449 0.824663 -4.45017 
-1.46142 -2.68683 -1.99375 -3.28901 -5.441 -2.76026 -1.37815 0.789063 -0.603737 -1.06244 2.10505 0.35623 1.87161 2.33886 2.11067 -5.231 -3.01403 -1.45743 -1.08483 -3.62722 -1.06774 0.418615 -0.179272 0.349099 1.57754 
-2.13087 -0.232279 0.239545 -0.138408 0.385874 0.28189 -1.39957 -0.869383 -0.136588 0.936969 -0.142772 -0.858171 -1.84239 0.212654 1.74672 -0.522901 -0.239761 0.113223 0.113394 3.60248 3.39746 2.98494 2.43018 2.0203 7.13175 
0.907066 0.156741 0.764343 0.876964 0.978623 -1.03558 -1.93019 -1.68415 -2.01117 -3.16864 0.632674 0.563992 0.747759 -1.26468 -2.34803 0.631805 -0.375909 0.910164 0.865988 1.2639 -3.43227 -1.48288 -1.87691 -0.870201 -1.64144 
-1.00511 -0.473776 0.32541 -0.152448 -0.630127 0.893952 -0.768666 0.550579 0.850321 -0.698685 0.104897 -0.982484 -0.418227 -0.542143 -0.135705 0.415207 0.432678 0.224007 -0.563317 0.382911 0.189952 -0.968075 -0.966048 -0.737474 0.490857 
1.70279 0.903573 0.205374 -2.36582 -3.51827 -2.09945 0.962146 2.05778 2.30944 1.70416 0.440093 -0.875505 -1.10633 -1.26186 -1.13021 -1.35901 -1.27016 -0.229065 0.354202 -0.0207337 -1.28904 -2.55334 -0.43029 0.52695 3.17944 
-1.61871 -2.0555 -1.92993 -2.10733 -0.8682 1.53872 1.31966 0.439185 -0.0829697 -0.998709 -1.29138 0.272504 -0.241174 -0.280233 1.00107 2.62331 0.847714 -1.07156 -1.45759 -1.94243 1.25482 1.00907 -0.496347 -1.22833 -1.40696 
-0.825096 -0.837502 0.00775957 -0.992167 0.058811 0.570841 -0.113357 0.203676 0.333469 0.266644 -1.00366 -0.662994 0.290597 -0.35939 -0.905438 -0.72959 0.837302 -0.558378 -0.2402 0.171584 -0.740416 -1.08226 0.169313 0.223994 0.047914 
-0.979479 0.0596775 0.562381 0.128273 0.204526 2.18264 1.97985 1.62226 0.868524 1.43548 1.0039 -0.23217 -0.361135 1.13638 1.34168 0.988915 -0.592279 -1.45565 -0.906947 -0.803997 -0.497126 0.547553 0.557143 -1.14607 -0.773163 
0.084768 -0.187298 -0.746821 -0.0371222 0.423073 -0.940171 -0.89984 0.0408549 -0.362505 -0.934852 -0.547144 -0.834602 -0.298177 0.0225606 0.0940603 -0.061265 0.573851 0.24464 -0.277817 -0.336823 0.0476806 0.153282 -0.414863 -0.249415 -0.258211 
0.283591 0.888959 0.963242 0.361679 -0.305071 -0.430183 -0.40867 0.955014 0.319641 1.97955 3.06232 0.237948 0.442416 -0.535581 -1.61773 2.28373 2.15698 1.1641 1.46512 -0.576558 -2.30023 -2.67728 -0.58553 -1.98248 3.75588 
-0.47428 0.875281 -0.0128846 -0.777383 -0.187394 0.395102 -0.135893 -0.792182 0.525699 -0.805977 -0.118293 -0.311019 -0.405911 0.515218 -0.323041 -0.340167 -0.891249 0.142419 -0.0354335 -0.603991 -0.881603 0.817012 0.58086 -0.176234 -0.432977 
-4.54995 -0.585393 0.821524 0.245355 -0.350587 0.0156987 -0.218829 1.42227 1.71755 2.73577 -0.801667 -1.03193 -2.00561 2.91716 6.37141 1.91606 0.639185 -0.139873 -2.54804 -2.86586 0.020238 1.02256 1.35537 4.67445 5.20345 
3.06635 0.928747 0.048855 -1.3349 -2.60667 1.62234 0.443939 0.214106 0.727779 1.797 3.61067 0.974467 2.31306 0.767906 1.20987 1.12477 0.890264 0.86297 0.0820849 -1.86623 -1.25232 -0.29776 -1.99407 -1.62511 2.7828 
3.58866 2.29299 1.19618 0.450413 0.228025 -0.482929 -0.638751 -0.857566 0.948626 2.5293 1.7189 2.11063 1.975 1.28541 -2.02345 -1.47773 -0.815549 -0.534575 -1.24459 -2.6567 2.89337 0.91287 0.155269 2.81158 -0.397439 
3.85781 -0.403456 -1.87223 -3.30234 -4.17858 0.421659 1.83449 2.99014 2.68133 1.38586 -2.5361 -2.96324 -1.64168 -2.68001 -3.064 0.61649 0.62912 -0.196685 -0.112744 -0.684276 -0.488528 -0.532645 -1.44165 -1.0327 0.573321 
-0.722869 -1.32962 -1.24141 -0.730333 1.54424 2.57908 -0.628113 -0.308318 -0.410353 0.768872 0.539599 -0.178871 -0.417924 -0.82941 -1.14454 2.82833 1.59659 1.3852 1.96214 4.625 -0.577585 -3.01044 -2.85454 -1.69724 -2.27076 
-0.525815 0.254238 0.654596 -0.394169 -0.728766 0.193712 -0.998872 0.832028 -0.245088 0.0245383 -0.311719 -0.471894 -0.418016 0.667296 -0.751219 0.26884 -0.903324 -0.0851511 -0.248644 -0.693362 0.419372 0.230731 -1.08548 0.45095 -0.0573261 
-0.487183 -0.20444 -0.381633 0.00815266 0.419808 0.677251 -0.543883 -0.0784896 -0.261812 -0.90929 -0.876925 -0.623374 0.100196 0.627523 -0.192937 0.616597 -0.482734 -0.714775 -0.373652 0.765271 -0.037131 -0.523899 -0.409385 -0.162978 0.381312 
1.2781 -0.754324 -1.16368 -0.520642 1.30021 -0.177787 -1.08782 -0.933025 0.384028 1.56875 2.07824 0.45066 1.17609 0.301164 -0.48004 -5.00292 -1.74733 -1.47686 -1.14152 2.38604 2.81211 -0.391263 -0.553872 1.38842 3.52375 
1.80587 1.18047 1.04423 1.31233 0.416086 1.42488 0.688343 1.54738 0.152669 0.931806 0.310127 1.4991 1.48523 0.931646 -0.618227 0.457512 0.482675 0.737444 0.435538 0.371032 2.63011 2.74909 1.559 0.79047 -0.631404 
1.94651 -0.063645 0.171682 1.43071 1.28756 0.0748811 1.11889 0.796676 0.0300328 0.233358 0.91081 0.281691 0.11942 0.440764 1.31261 1.18741 -0.396596 -1.40836 -0.897904 -0.855826 -1.73804 0.700236 1.07626 0.321649 1.19438 
0.723947 0.915322 0.399622 0.475096 1.954 1.889 1.02051 -0.229761 0.422303 -0.312815 1.19431 1.36003 0.140456 0.429872 0.968965 2.78675 1.20187 2.10758 1.32988 2.22595 1.05083 1.61902 2.57263 0.940381 0.495071 
-1.17458 0.156577 -1.38305 0.146134 -0.864087 -0.308871 -0.798881 -0.524651 1.08039 0.725601 0.742183 0.328866 0.328468 -0.451949 1.00228 -0.0791027 -0.62901 -0.318903 -0.243017 0.694646 -1.1157 -1.39016 -0.151108 -0.251408 -1.05921 
0.0342294 -0.957679 -0.234389 -1.40717 -1.68521 0.598322 0.216488 -0.093629 -0.00572392 -0.0215026 -0.715909 -1.46923 -1.39713 -0.20625 1.28999 2.39024 3.17374 2.22744 1.59186 -0.26091 -1.13934 -0.0967648 0.68334 1.61237 1.89448 
0.391482 -0.761507 -2.02232 -2.94188 0.325825 5.24701 0.51538 -1.67733 -1.67506 -1.38463 -0.882781 -0.137835 -1.29833 -0.567649 -1.39502 -2.12796 -2.17643 -2.53469 -4.94787 -5.29499 -0.480034 -0.624304 -0.742595 1.86276 4.18023 
0.0816914 1.59672 1.14681 2.26311 1.29053 1.74066 0.806913 -0.0197526 -0.835086 1.02333 1.21253 1.47249 0.747658 0.247887 0.639233 1.32133 2.01503 1.01039 2.50505 2.13882 1.78408 2.32956 2.11271 1.35864 1.9962 
2.09712 1.99277 1.26588 1.82007 2.28435 0.903854 0.892498 1.13939 0.146882 0.445918 1.81037 -0.18228 -0.683359 -0.307739 -0.748509 0.666452 0.497062 0.282939 -0.958784 1.09243 -0.523722 -0.863314 -0.606525 -0.994532 1.60495 
-0.748156 -0.252676 -0.733413 -0.476275 -0.747938 -0.594365 0.50105 -0.8581 -0.0821725 0.926487 -0.530648 -0.604964 0.367892 -0.837347 0.708473 -0.694875 -0.759647 0.618248 0.888385 -0.908959 -0.879475 0.659444 -0.717641 0.602336 -0.545023 
1.95091 0.0485122 -0.0592769 -0.661546 2.30601 0.526527 -1.94477 -2.7085 -1.96717 0.28051 3.17271 2.1015 1.53944 -0.24777 -0.621027 -3.82581 -2.64236 -2.28219 -1.94031 0.871343 0.338532 -0.551509 -3.07302 -1.17762 1.82872 
0.229358 0.146873 -0.175556 -0.679833 -0.0623969 0.164983 0.164402 -0.59101 -1.04581 0.885198 -0.619681 0.254552 0.0936639 -0.275064 -0.788765 -0.131337 -0.754245 0.131575 0.038683 -0.0810242 0.729801 -0.866775 -0.291142 -0.812821 -0.421953 
/ 
50 50 relu 
1.03056 0.464646 0.494232 1.61589 0.657994 1.76139 0.679592 -2.28755 2.50903 -0.843514 2.29044 -1.90519 1.68275 1.35808 -1.42625 -0.0800621 3.0619 -1.10575 0.809485 -0.0184624 1.71319 2.71353 1.32466 0.394581 -0.340927 -0.813209 0.47949 -0.7217 -0.373162 -0.829396 0.626296 2.08239 2.49874 1.92795 0.461404 0.794863 0.154387 0.270566 -1.09001 -1.26182 1.04791 -0.745381 0.0504898 -0.54267 -0.991321 -2.35132 0.814471 -0.723996 0.157063 -0.186981 
0.954255 0.573491 0.0957369 1.61114 -0.389821 1.74021 1 -2.21724 2.5274 -0.985812 2.30451 -1.88046 1.60407 1.39919 -1.57499 -0.0651605 2.95985 -0.979842 0.817481 -0.0916484 1.79679 2.77615 1.33283 -0.688933 -0.260816 -0.853203 -0.508589 -0.677727 -0.317338 -0.339173 -0.86134 2.09591 2.26707 1.80982 0.0984087 0.824331 0.32396 -0.200531 -0.928413 -0.600932 0.89201 -0.757152 0.544057 -0.626842 -0.97264 -2.74706 0.745999 -0.313021 0.247185 -0.621605 
0.817507 0.867394 -0.114643 1.54747 -0.205031 1.74713 -0.247446 -2.20743 2.55495 -1.09368 2.11353 -1.76011 1.68647 1.33775 -1.65406 -0.205247 2.93038 -1.05068 0.888623 -0.0813978 1.92753 2.75563 1.26637 -0.732209 -0.340732 -1.32319 -0.109974 -0.387359 -0.100912 -0.140714 0.994513 2.07071 2.07782 1.73958 -0.15067 0.693829 0.312853 0.951884 -0.728898 -0.781839 0.70794 -0.858182 0.636762 -0.675063 -0.236016 -2.4598 0.82332 0.898788 0.238289 -0.421171 
0.94284 0.965782 0.407238 1.52526 -0.170456 1.75532 0.628449 -2.36274 2.49193 -0.933146 2.20791 -1.52999 1.97018 1.41241 -1.63504 -0.192244 2.75815 -0.9244 0.808348 0.263984 2.23764 2.8272 1.23271 -0.0433821 -0.3502 -1.22659 0.739862 -0.80669 -0.681154 0.00886398 0.883967 1.94892 2.00194 1.33073 -0.3416 0.702299 -0.669005 -0.768474 -0.490398 -0.49972 1.53835 -1.83871 -0.488056 -0.789669 -0.0372731 -1.77659 0.599464 0.0948025 0.0442754 0.00776572 
0.960766 1.12316 0.0952164 1.46996 -0.0129032 1.70257 -0.335375 -2.41675 2.555 -1.06716 2.31414 -1.41739 1.96782 1.29029 -1.67476 0.0679695 2.6036 -0.900012 0.8257 0.264062 2.27956 2.86936 1.23543 0.0684364 -0.359946 -1.39581 -0.192239 -0.541103 -0.457675 0.140332 -0.628399 1.88264 1.86671 1.45777 -0.401867 0.638317 -0.630672 -0.0927968 -0.342111 -0.856387 1.58521 -1.6603 -0.467961 -0.847013 0.166676 -1.73017 0.564987 -0.33286 0.0398641 -0.257204 
0.917444 1.06854 -0.522276 1.41008 0.226961 1.77422 -0.329794 -2.60368 2.49761 -0.973136 2.06296 -1.40235 1.96266 1.40422 -1.66865 -0.0206707 2.5519 -0.757579 0.818233 0.197719 2.36028 2.90334 1.16045 -0.752374 -0.684157 -0.924079 0.569338 -0.870494 -0.784124 0.377381 -0.124799 1.93952 1.77026 1.22069 -0.0313329 0.628719 0.341064 0.128145 0.125848 -0.0314932 1.37833 -1.57448 -0.232421 -0.835359 0.519854 -2.33989 0.68776 0.491044 0.148022 0.559242 
0.960399 1.39519 -0.358265 1.20575 -0.590791 1.7714 0.00671518 -2.65739 2.57226 -1.03304 2.22254 -1.32582 2.01307 1.29499 -1.7703 0.0241416 2.51132 -0.564559 0.834194 -0.0641709 2.32421 2.97352 1.07386 -0.596439 -0.471561 -1.46071 0.79496 -0.747741 -0.81979 0.658982 0.544691 1.96998 1.60907 1.13641 -0.451964 0.566761 -0.459436 -0.0165093 0.274331 -0.0626621 1.55345 -1.48481 0.512286 -0.929295 0.661807 -2.47643 0.684228 0.821706 0.0708218 -0.161505 
1.00264 1.31589 -0.475448 1.11804 -0.250886 1.70173 0.613403 -2.63415 2.43007 -1.10323 2.06923 -1.26958 2.35519 1.37458 -1.66942 0.323602 2.31641 -0.56507 0.911377 0.276547 2.71557 2.86571 1.07774 -0.172371 -0.576534 -1.39443 -0.568481 -0.617976 -0.16272 0.399426 -0.31039 2.0456 1.75434 1.27175 -0.152983 0.437657 -0.955597 0.961219 0.44326 -0.475996 0.598945 -1.15675 -0.560556 -0.946761 0.908209 -2.45956 1.24233 -0.853923 0.0665601 -0.205804 
1.13869 1.48095 -0.33566 0.91822 0.931633 1.74115 0.179272 -2.64928 2.40573 -1.13109 2.05774 -1.20356 2.39322 1.35543 -1.7133 0.271883 2.29752 -0.357347 0.898109 0.207847 2.54513 2.80314 0.998178 -0.845343 -0.504071 -1.77458 -0.800587 -0.62602 -0.728118 0.575451 -0.12281 2.04745 1.71647 1.0865 -0.31753 0.331397 0.603509 0.97338 0.606822 -0.415686 0.878676 -1.73343 0.00448937 -0.85925 1.08382 -2.03197 1.2083 -0.654146 -0.100608 -0.220241 
1.18129 1.64744 0.0593903 0.697443 0.828891 1.78479 0.928393 -2.59785 2.29853 -1.13092 1.93386 -1.15606 2.49145 1.3557 -1.7477 0.447847 2.24013 -0.194777 0.946637 0.179257 2.59039 2.69288 0.923789 0.622576 -0.545674 -2.18911 0.0973117 -0.59168 0.156574 0.773119 0.365644 2.07395 1.59185 0.93494 -0.171517 0.206577 0.957354 0.984017 0.806431 -0.334226 0.854029 -1.83747 0.319441 -0.800325 1.18252 -1.95236 1.27782 -0.672127 -0.251968 -0.582884 
1.24887 1.72924 0.205665 0.516035 -0.637535 1.77409 0.522879 -2.4227 2.11271 -1.17507 1.69106 -1.11327 2.65598 1.38356 -1.73911 0.528823 2.16931 -0.12663 1.02903 0.227244 2.56428 2.47611 0.822958 -0.148111 -0.511292 -1.87682 0.389713 -0.433725 0.121348 0.728869 0.177807 2.11417 1.60142 0.999542 -0.224354 0.0178747 -0.998399 0.326686 0.953182 -0.708591 0.266191 -1.58995 0.170202 -0.682446 1.45679 -1.85536 1.63072 -0.989637 -0.317379 -0.856828 
1.38684 1.81105 -0.342722 0.300239 -0.402419 1.82016 -0.408285 -2.33631 2.03157 -1.23111 1.6683 -1.08626 2.81596 1.35797 -1.81316 0.638603 2.09986 0.0226441 1.01322 0.394625 2.73469 2.24859 0.723422 -0.687031 -0.693347 -1.69723 0.55586 -0.289119 0.564582 0.961624 -0.15833 2.10163 1.48217 0.88882 0.396008 -0.141101 0.562194 -0.633326 1.09587 -0.766662 0.548988 -2.51687 -0.251215 -0.449451 1.49417 -0.952821 1.44384 0.891926 -0.238988 -0.225481 
1.45294 1.81824 -1.18207 0.124614 -0.729044 1.81744 -0.913018 -2.12517 1.82886 -1.22724 1.43526 -1.09346 2.89252 1.39927 -1.8089 0.7603 2.04136 0.119834 1.14433 0.455095 2.65095 2.06511 0.591699 0.94565 -0.592395 -1.69489 0.647813 -0.212566 -0.088882 1.10764 0.189266 2.15757 1.37976 0.965402 0.441688 -0.372654 0.252456 -0.770093 1.2731 -0.825744 -0.130706 -1.77246 -0.193445 -0.3359 1.64002 -1.51247 1.77169 0.197559 -0.0227655 -0.824728 
1.62884 1.88859 -1.2037 -0.089891 0.621826 1.83624 0.430921 -1.91766 1.67821 -1.29742 1.08646 -1.06295 2.78932 1.4087 -1.81961 0.739728 2.08435 0.249237 1.14197 0.520737 2.43658 1.78536 0.391811 0.461876 -0.799554 -1.52086 0.0901669 -0.0732106 0.301262 1.08841 -0.940197 2.20494 1.40824 1.01366 0.918917 -0.604223 0.539596 -0.831443 1.37645 -1.2836 -0.405442 -1.98469 0.155916 -0.0718938 1.86057 -1.01789 2.02567 -0.442873 -0.170753 0.427602 
1.62594 1.90691 -0.833814 -0.21942 0.155065 1.78133 -0.298063 -1.72398 1.54112 -1.24334 1.02344 -1.08689 2.88271 1.50317 -1.82418 1.05826 2.01354 0.190689 1.33387 0.613232 2.60062 1.57616 0.363109 -0.656167 -0.552037 -1.58581 0.374128 -0.0335105 -0.409726 1.23479 -0.949896 2.19704 1.19947 1.02615 0.921107 -0.795067 -0.936462 0.187364 1.48511 -1.23281 -0.639235 -1.37646 -0.205891 -0.037155 1.85538 -1.37096 1.98235 -0.869545 -0.200832 0.567877 
1.66508 1.81347 -1.0296 -0.371854 0.281904 1.75541 -0.306818 -1.56206 1.52134 -1.28834 0.985822 -1.13054 2.797 1.53067 -1.90522 1.20341 2.05998 0.219026 1.42951 0.738642 2.61086 1.30125 0.241833 0.156461 -0.376036 -1.12302 -0.758459 0.130367 -0.0904918 1.47048 0.0959713 2.17001 0.971421 1.01914 1.0408 -1.01557 0.178355 -0.897653 1.58989 -1.15302 -0.528711 -1.51742 -0.437474 0.158008 1.95508 -1.09997 1.69933 -0.656542 -0.144785 0.927434 
1.83117 1.93412 -1.14195 -0.500836 0.352548 1.70729 -0.151372 -1.35797 1.4233 -1.3392 0.736198 -1.12959 2.5726 1.53996 -1.92252 1.35368 2.05944 0.217599 1.46118 0.736715 2.2501 1.1096 0.149401 0.0920856 -0.630458 -0.95047 0.280781 0.262571 0.0428637 1.53634 0.0297214 2.13878 0.902025 1.14613 1.83755 -1.23788 0.263194 -0.607765 1.66435 -1.67484 -0.435628 -1.19016 -0.00143138 0.357022 2.08516 -1.0492 1.72561 -0.531978 -0.286277 0.08041 
1.87177 1.79402 -1.04944 -0.665865 -0.578144 1.63101 -0.285676 -1.19642 1.40328 -1.39191 0.727276 -1.17472 2.62174 1.62926 -1.92847 1.46736 2.1593 0.221187 1.55369 1.00189 2.41747 0.822843 0.106594 0.604801 -0.356278 -1.36654 0.114047 0.429899 -0.941265 1.51513 0.15993 2.14307 0.862989 1.08187 1.82543 -1.448 0.375955 -0.751928 1.6446 -1.68895 -0.514339 -1.70986 -0.415595 0.53901 2.13688 -0.363698 1.60613 0.756422 -0.365048 -0.216202 
2.01611 1.78656 -1.42809 -0.795409 0.620326 1.54028 0.961872 -0.924414 1.317 -1.38174 0.599494 -1.17995 2.43335 1.67331 -1.98446 1.78001 2.11173 0.186716 1.66278 1.11591 2.11657 0.64009 0.0811894 -0.604948 -0.116156 -1.12536 -0.429326 0.492601 -0.931044 1.82899 -0.536156 2.04029 0.61336 1.12666 1.87627 -1.68157 -0.419373 0.348963 1.61922 -1.82971 -0.0774144 -1.32645 -0.470273 0.71502 2.04257 -0.526156 1.31145 0.935335 -0.393217 0.793356 
2.1058 1.42425 -1.6187 -0.880226 -0.315318 1.43897 0.0201485 -0.699723 1.1384 -1.33744 0.285913 -1.17357 2.36628 1.81676 -1.9177 1.88797 2.14024 0.16017 1.72285 1.39357 2.14962 0.453446 0.180932 -0.502882 -0.141174 -0.726039 -0.208773 0.437637 0.753894 1.84028 0.845061 1.91542 0.574215 1.13984 2.35852 -1.85633 0.035859 0.647413 1.61474 -1.74466 -0.0474014 -0.975815 -1.08848 0.921372 2.19037 -0.748003 1.23758 0.0317514 -0.500019 0.113856 
2.11336 1.18809 -1.91165 -0.995647 0.0473014 1.34464 0.254738 -0.403628 1.08338 -1.41959 0.243415 -1.22029 2.025 1.88846 -1.95417 2.04367 2.24662 0.139685 1.79615 1.39297 1.93605 0.222234 0.230998 -0.825568 0.191078 -1.16286 -0.145494 0.615908 -0.330361 1.96293 0.0149694 1.83584 0.510308 1.13686 2.21592 -2.04256 -0.178441 -0.0379419 1.4193 -1.623 -0.0108211 -1.09555 -0.469233 1.1554 2.20603 -0.534864 1.02529 0.486283 -0.543742 -0.283746 
2.19979 1.02069 -0.888173 -1.13119 -0.687559 1.14724 0.570988 -0.0901121 0.928325 -1.35034 0.266373 -1.15885 1.94932 1.95308 -1.92879 2.10898 2.35287 0.0911411 1.83112 1.51186 2.19374 0.0808322 0.295027 0.995809 0.393172 -0.973085 -0.432813 0.62217 -0.465176 2.04831 0.628585 1.68493 0.376919 1.22077 2.30904 -2.14958 0.161429 0.360115 1.24852 -1.87084 0.266966 -0.408987 -1.32169 1.23959 2.23688 -0.850637 0.863489 -0.807985 -0.848252 -0.742154 
2.1297 0.655708 -1.24523 -1.08416 0.373263 0.983207 0.347207 0.222027 0.874158 -1.48745 0.204292 -1.22596 1.47962 2.05634 -1.90648 2.48844 2.39258 -0.0905141 1.87423 1.46252 1.91672 -0.149574 0.406329 0.870361 0.327653 -0.668868 -0.162843 0.860041 -0.699839 1.95906 0.193887 1.61242 0.437184 1.4058 2.84962 -2.25798 0.10682 -0.206374 1.0296 -1.94765 -0.184127 -0.125521 -0.749099 1.46525 2.28211 -0.844167 0.860096 -0.765052 -0.833009 -0.874571 
2.22439 0.0449122 -1.21493 -1.08162 -0.265159 0.729074 0.68373 0.493588 0.684272 -1.38533 0.0304354 -1.18401 1.28427 2.22957 -1.70026 2.44835 2.43779 -0.0579806 1.91406 1.64115 1.804 -0.304711 0.560403 -0.668133 0.532108 -0.238395 -0.75351 0.632485 -0.918062 1.88822 -0.619924 1.37861 0.546453 1.33452 2.71829 -2.30128 -0.0386045 -0.546291 0.831813 -1.48463 -0.250268 0.0283467 -1.19594 1.64036 2.39631 -1.05021 0.750625 -0.631575 -0.910647 0.775974 
2.22679 -0.0791457 -1.01911 -1.14144 0.892998 0.522725 -0.280619 0.813415 0.682287 -1.45808 0.23095 -1.15184 0.947373 2.20825 -1.67918 2.6193 2.54418 -0.0642054 1.90626 1.38301 1.52485 -0.403783 0.645103 -0.740063 0.750203 -0.448442 -0.211145 0.825599 0.260142 2.11846 0.880038 1.15388 0.454087 1.27306 2.71628 -2.32775 -0.209298 0.344641 0.46053 -1.36779 0.230815 -0.111375 -0.432529 1.74603 2.22147 -0.818747 0.31016 -0.824161 -0.901097 0.151788 
2.25322 -0.552264 -0.914747 -1.0909 -0.0134293 0.208623 -0.980871 0.992008 0.633341 -1.41882 0.151493 -1.08283 0.877894 2.3262 -1.48521 2.69155 2.56614 -0.14996 1.92365 1.48013 1.82011 -0.546196 0.747749 -0.57439 0.842232 0.132084 0.207942 0.789149 0.160269 1.87047 -0.883686 0.933798 0.62825 1.26564 2.80899 -2.2706 -0.401715 0.847263 0.208075 -1.25923 0.138583 -0.44001 -1.31151 1.84674 2.28515 -0.3436 0.178591 -0.0194559 -0.896829 -0.424542 
2.28707 -0.855881 -1.06918 -1.08363 -0.834147 -0.125588 -0.691136 1.29703 0.517819 -1.38719 0.113235 -0.973674 0.709816 2.31654 -1.26797 2.77939 2.53913 -0.180238 2.02251 1.45842 1.7351 -0.571658 1.01935 0.0752762 1.10905 -0.334909 0.629787 0.893884 0.92143 1.93834 0.378801 0.551815 0.606275 1.22239 2.64915 -2.24782 0.0522144 -0.632311 -0.173418 -1.11914 0.456802 -0.178069 -1.40467 1.85917 2.17636 -0.414695 -0.18726 -0.87772 -0.812063 -0.252828 
2.24898 -1.19615 -0.173536 -1.0269 0.827885 -0.452393 -0.903435 1.59716 0.320842 -1.40068 -0.0580917 -0.921293 0.54293 2.43142 -0.963577 2.86605 2.61679 -0.28551 2.05172 1.35275 1.64423 -0.645263 1.11789 -0.369238 0.995805 0.298142 0.247402 0.9278 -0.17684 1.57853 -0.0512616 0.365475 0.902502 1.26958 2.97492 -2.19198 -0.513151 -0.0898033 -0.443808 -1.32121 -0.274914 0.572359 -1.5741 1.82405 2.26988 -0.723096 0.182 -0.558722 -0.850166 -0.708219 
2.26873 -1.24531 -0.0409746 -1.07759 0.581924 -0.754099 -0.201881 1.74865 0.433612 -1.47967 -0.0145601 -0.844568 0.437249 2.34368 -0.80431 2.89544 2.6528 -0.256345 2.10888 1.11988 1.50864 -0.703179 1.17438 0.0351409 1.3566 0.380377 -0.370633 1.19531 -0.962201 1.55942 -0.54181 0.095494 0.986827 1.09218 2.47204 -2.12775 -0.763763 -0.226261 -0.835166 -1.38712 0.200317 -0.42492 -1.30716 1.82865 2.12212 0.431343 -0.225854 0.744762 -0.746419 0.848562 
2.16912 -1.59073 -0.490114 -0.999007 0.30315 -1.04374 0.410439 1.73636 0.373374 -1.34635 -0.0957574 -0.80443 0.237016 2.40341 -0.46742 2.87553 2.62763 -0.189236 2.15109 0.862694 1.39285 -0.585984 1.31675 -0.632622 1.33182 0.324938 0.134705 0.959384 -0.315779 1.44023 -0.0302005 -0.165686 1.10483 0.812029 2.68935 -1.95245 -0.720491 -0.877556 -0.870821 -0.593989 0.148875 0.0732556 -0.784826 1.7113 2.16937 -0.288096 -0.278161 0.624007 -0.427887 -0.780942 
2.21379 -1.63271 -0.0512629 -1.03668 0.0737383 -1.3237 -0.633597 1.91605 0.246239 -1.28761 -0.14212 -0.691974 0.290696 2.33061 -0.158428 2.87798 2.62629 -0.103098 2.21684 0.845069 1.39163 -0.496524 1.40384 -0.108365 1.44711 0.128865 0.434965 1.00566 0.916723 1.42613 0.231234 -0.443739 1.16669 0.623694 2.5744 -1.88454 -0.231866 -0.625759 -1.13216 -0.722511 0.374291 0.381767 -1.23538 1.54177 1.95181 -0.338517 -0.320893 0.22963 -0.32059 -0.679018 
2.15992 -1.67959 0.224266 -1.03516 0.252989 -1.54196 0.379988 1.88303 0.312489 -1.28456 -0.197288 -0.596723 0.161807 2.28103 0.117798 2.87586 2.59829 0.00109384 2.23413 0.568132 0.936835 -0.461124 1.37597 -0.920779 1.69799 0.126436 0.635117 1.02716 -0.391888 1.16597 -0.670418 -0.650519 1.38695 0.258561 2.02386 -1.74874 0.0629932 0.858213 -1.31489 -0.565671 0.650305 -0.427913 -0.485433 1.44987 1.90893 0.479368 -0.411933 -0.548603 -0.186265 -0.801334 
2.09004 -1.70137 0.701705 -1.06683 -0.563469 -1.72341 -0.00931068 1.93077 0.27195 -1.26266 -0.52759 -0.431274 0.0555197 2.11065 0.344352 2.87898 2.55115 0.0765611 2.27514 0.398603 0.840586 -0.399425 1.32559 0.772692 1.76089 0.506589 -0.973533 1.17811 -0.526069 1.0214 -0.49542 -0.885929 1.39249 0.128807 1.80484 -1.64336 0.511893 -0.944195 -1.42881 -0.873247 0.907118 -0.208054 -0.460284 1.33392 1.88472 0.621812 -0.418983 0.37919 -0.127233 -0.437733 
2.00448 -1.77435 0.73551 -1.1419 -0.670963 -1.94664 -0.615981 1.80184 0.236815 -1.07907 -0.420226 -0.306096 0.290959 2.0366 0.660987 2.88144 2.47444 0.3454 2.30887 0.409796 0.973848 -0.206607 1.2296 0.198943 1.88853 0.548887 0.963824 0.982413 -0.694433 1.0831 -0.129918 -1.11042 1.35784 -0.380856 1.6317 -1.45861 0.0750907 -0.553929 -1.42665 -0.269145 1.36516 -0.338486 -1.23475 1.04089 1.68607 0.525553 -0.573352 -0.0242175 0.246458 0.546121 
1.86572 -1.75485 0.947628 -1.20742 -0.60808 -2.09515 -0.503091 1.77339 0.208023 -1.02485 -0.56961 -0.132861 0.308113 1.806 0.862232 2.77641 2.41994 0.52792 2.35089 0.189838 0.878424 -0.0837525 1.1283 0.394958 2.03681 0.599468 -0.475767 1.12626 -0.520981 0.997169 0.539918 -1.31037 1.33144 -0.578714 1.17014 -1.30884 -0.913549 0.105565 -1.4977 -0.369888 1.56053 -0.208453 -1.15738 0.868732 1.68793 0.595612 -0.561677 -0.977977 0.42519 -0.867316 
1.62551 -1.54831 0.667728 -1.23336 -0.910223 -2.15586 -0.162632 1.7567 0.110822 -0.956844 -0.787773 -0.0202953 0.175682 1.57862 1.06085 2.77313 2.3309 0.685287 2.37743 -0.342891 0.472082 0.119938 0.931215 0.131854 1.88585 0.485113 -0.611986 1.20686 0.553563 0.979934 -0.915167 -1.40639 1.28654 -0.70708 1.23565 -1.16737 0.933449 0.485665 -1.44002 -0.361932 1.23348 0.911032 0.0322158 0.636354 1.71994 -0.358971 -0.213155 0.107604 0.800816 -0.400897 
1.52685 -1.53376 0.927134 -1.25903 0.880695 -2.20922 -0.363509 1.70795 0.0388137 -0.879473 -1.10291 0.202685 0.164275 1.34289 1.27773 2.66493 2.17151 0.885218 2.39261 -0.458441 0.268587 0.195858 0.772877 -0.00805092 1.95143 0.412528 0.12919 1.26593 -0.233078 0.774048 -0.688781 -1.62221 1.37544 -0.962576 0.815789 -1.01441 0.163704 0.798326 -1.54725 -0.484934 1.52411 0.271588 0.100613 0.537602 1.70441 0.401301 -0.227679 0.990916 0.901893 -0.284567 
1.3662 -1.57319 1.36971 -1.32364 -0.349336 -2.27505 0.111465 1.67708 -0.0498835 -0.77414 -1.17159 0.356148 0.173638 1.09782 1.42988 2.63603 2.0765 1.07108 2.42238 -0.444186 0.473881 0.213417 0.526491 0.441349 1.93616 0.876067 -0.93167 1.34926 -0.480243 0.702198 -0.729215 -1.69166 1.29127 -0.997012 0.673804 -0.866317 -0.981792 0.0585574 -1.5263 -0.625865 1.24215 0.411382 -0.763307 0.386296 1.68354 0.501797 -0.0827193 -0.0113557 1.08195 -0.836153 
1.22207 -1.52774 0.795771 -1.39487 -0.095957 -2.30617 -0.19604 1.56636 -0.195113 -0.545664 -1.2581 0.524965 0.322558 0.866873 1.65772 2.49586 1.91954 1.43747 2.42889 -0.604613 0.270177 0.442905 0.31546 -0.607843 1.89024 0.695821 -0.63592 1.15543 -0.994031 0.862029 -0.303978 -1.87036 1.20279 -1.37925 0.587774 -0.66768 0.297086 -0.590175 -1.47755 0.0156598 1.38908 0.479141 -0.79593 0.138631 1.58515 0.104637 -0.0912876 -0.107051 1.57195 -0.87983 
0.894971 -1.43974 1.52283 -1.35899 -0.909093 -2.28515 -0.870369 1.55139 -0.330817 -0.431128 -1.40896 0.676159 0.0377557 0.655316 1.79125 2.60549 1.76306 1.47984 2.43422 -1.05526 -0.161542 0.465932 0.102232 0.47559 1.82645 0.478225 0.217458 1.19469 -0.908024 0.490735 0.512879 -1.89564 1.28847 -1.41271 0.454119 -0.474139 -0.774449 0.19923 -1.48466 -0.0520192 0.681192 0.876842 0.313723 -0.0144754 1.70279 -0.021244 0.308157 0.626565 1.6739 0.0571021 
0.764036 -1.40046 1.6802 -1.44196 0.50217 -2.2984 0.918813 1.42888 -0.414302 -0.192981 -1.43157 0.843354 0.00478316 0.388934 1.88158 2.51066 1.61836 1.75769 2.43518 -1.14616 -0.0680242 0.556652 -0.185848 -0.960229 1.8083 0.743917 -0.328543 1.0357 0.0426439 0.59592 -0.143501 -2.00613 1.13084 -1.63001 0.374411 -0.248714 -0.992355 -0.152263 -1.42215 0.342557 0.8964 0.552165 -0.207026 -0.170062 1.61696 0.119703 0.1604 -0.0479593 1.89984 0.150554 
0.620463 -1.18455 1.8384 -1.53825 -0.481645 -2.32999 0.886737 1.40563 -0.466907 -0.0516799 -1.32767 1.02129 0.0277997 0.0190252 1.89291 2.45718 1.4879 1.96865 2.42936 -1.34025 -0.145455 0.641012 -0.464334 -0.383631 1.89825 0.804192 -0.516843 1.16074 0.116965 0.659832 0.131138 -2.05751 0.912361 -1.54367 0.108937 -0.073823 0.00261567 -0.735981 -1.46204 0.146154 0.783046 0.915403 -0.448118 -0.376805 1.56752 -0.0160427 0.174538 0.632079 2.15943 0.141488 
0.38317 -1.21307 1.84855 -1.52778 -0.665394 -2.24189 0.956642 1.4068 -0.685835 0.155452 -1.63323 1.13008 -0.159188 -0.153742 1.9863 2.53449 1.27958 2.06905 2.47475 -1.47951 -0.451114 0.64909 -0.63189 0.816632 1.8007 0.575766 -0.791659 1.01671 -0.152302 0.505851 0.301241 -2.07631 0.934577 -1.6818 0.184426 0.0906987 0.973694 0.390787 -1.47038 0.51469 0.218919 0.854878 -0.022416 -0.480146 1.56105 -0.0315144 0.40584 0.801703 2.37241 -0.374956 
0.267342 -0.879076 1.90754 -1.61391 -0.749723 -2.14372 -0.583171 1.24563 -0.546656 0.25552 -1.35814 1.2678 -0.411509 -0.550946 1.78852 2.34299 1.22408 2.26455 2.31452 -1.86997 -0.562593 0.669894 -0.918211 0.621401 1.6948 0.770555 -0.140521 1.09682 -0.943641 0.625353 -0.00313031 -2.04356 0.71238 -1.68465 0.339595 0.307134 -0.993181 0.073232 -1.46925 0.437573 0.754248 -0.106288 0.522508 -0.50886 1.57333 0.849629 0.0671128 -0.283519 2.48535 0.0374106 
0.162016 -0.819263 2.25171 -1.58221 -0.0146478 -2.11978 0.0586123 1.20593 -0.699664 0.451001 -1.5593 1.38049 -0.419768 -0.750359 1.83074 2.40754 1.03224 2.26169 2.33282 -1.79644 -0.605394 0.646518 -1.16108 -0.676236 1.5481 0.890538 -0.802285 1.01442 0.29834 0.33749 -0.117671 -1.98016 0.689802 -1.47802 0.572715 0.445551 -0.89629 -0.392428 -1.42017 0.0826401 0.145393 0.296323 -0.0810573 -0.635652 1.61724 0.78779 0.382451 0.0703226 2.5582 -0.212148 
-0.001878 -0.676933 1.29412 -1.62518 -0.628364 -1.98913 0.776231 1.02944 -0.642434 0.596101 -1.46515 1.45851 -0.697248 -1.07318 1.68746 2.40124 0.917742 2.45787 2.21025 -2.0814 -0.790775 0.71059 -1.41782 -0.560388 1.43738 0.484953 0.178398 0.966399 -0.594355 0.397803 0.176563 -1.88637 0.493357 -1.50054 0.853071 0.625084 0.606435 -0.0727405 -1.30759 0.360448 0.200453 0.0588958 0.788621 -0.68805 1.61025 0.799809 0.314672 -0.731091 2.90781 -0.693738 
-0.101789 -0.589861 1.95301 -1.609 -0.71709 -1.95705 -0.240944 0.969552 -0.707603 0.812945 -1.16923 1.60532 -0.627752 -1.26941 1.62186 2.49337 0.722092 2.51429 2.1568 -2.04361 -0.857407 0.742263 -1.67284 -0.449913 1.6158 0.534181 -0.437703 0.806488 -0.902375 0.295583 -0.222865 -1.83789 0.303126 -1.39777 0.547753 0.773014 -0.318131 0.233791 -1.31228 0.256141 0.181041 0.445209 0.200807 -0.898968 1.57627 0.592282 0.309836 0.134202 2.98628 -0.394427 
-0.308213 -0.389128 1.57804 -1.56385 -0.646076 -1.66999 0.584049 0.904411 -0.657283 0.915 -1.01297 1.78331 -1.07039 -1.59661 1.29228 2.43053 0.680591 2.5762 1.99913 -2.37673 -0.972902 0.821512 -2.61833 0.537352 1.51263 0.0550482 0.940204 0.850748 -0.480216 0.410632 0.544406 -1.67133 -0.0584668 -1.16627 0.850888 0.910619 0.00925103 -0.196644 -1.40255 0.108434 0.366324 0.593285 1.21972 -1.03562 1.55767 0.465246 0.175158 0.721657 3.34039 0.829147 
-0.413431 -0.231743 1.71427 -1.56801 -0.804864 -1.53421 0.84495 0.67712 -0.546362 1.05207 -0.838865 1.86747 -1.3054 -1.81693 1.05934 2.47445 0.634309 2.66127 1.85057 -2.39851 -0.92594 0.831144 -3.01425 0.95666 1.29674 0.297406 -0.338409 0.750537 0.458138 0.490054 -0.644681 -1.54511 -0.371775 -1.11391 1.37592 1.06312 0.055075 0.565122 -1.24156 0.11723 0.891542 0.224188 1.13384 -1.09329 1.56183 0.757133 -0.112615 -0.911047 3.38691 -0.103423 
-0.516035 -0.375856 0.617225 -1.4623 0.193462 -1.40555 -0.244164 0.63399 -0.6007 1.14634 -1.10358 1.90536 -1.36419 -1.95132 0.934143 2.51963 0.430908 2.65285 1.86821 -2.28639 -1.19054 0.818525 -3.32848 0.97683 1.38518 0.396113 0.985606 0.700083 0.199135 0.437032 -0.51349 -1.43165 -0.532734 -0.860492 1.1878 1.09232 0.836051 -0.657216 -1.17309 0.089152 0.489557 0.705546 1.20402 -1.11533 1.65233 0.345472 0.00213112 -0.0541234 3.71237 0.668752 
/ 