0.0367038 0.0378673 0.0386117 0.0383717 0.040178 0.0471183 0.0465048 0.04977 0.0509565 0.0504331 0.0366611 0.0372594 0.036979 0.0370464 0.0361168 0.0316418 0.0281224 0.0254668 0.0275505 0.0307645 0.0506442 0.0507093 0.0495985 0.0483275 0.0492781
0.0369617 0.038012 0.0383611 0.0391727 0.040858 0.0456725 0.047919 0.050289 0.0507708 0.0499591 0.0370017 0.0369137 0.0367875 0.0363543 0.0350144 0.0301076 0.0259101 0.0264611 0.0283248 0.0333644 0.0505223 0.0503482 0.047946 0.0489311 0.0499569
0.0373954 0.0381474 0.0379049 0.0397296 0.0421091 0.0461208 0.0494193 0.0506179 0.0500891 0.0483845 0.0367813 0.0364981 0.0365661 0.0356271 0.0355798 0.0275513 0.0248686 0.0269735 0.0302203 0.0363109 0.0503682 0.0492461 0.0479621 0.0489224 0.0498016
0.0375669 0.0379201 0.0387413 0.0404463 0.0432172 0.04759 0.0499878 0.0504752 0.049654 0.0465716 0.0364558 0.0363281 0.0358898 0.0345342 0.0359362 0.0253233 0.0258807 0.0277663 0.0328648 0.03915 0.0500476 0.0476173 0.0486139 0.0496518 0.0501576
0.0377476 0.0375016 0.0393531 0.0417674 0.0443647 0.049185 0.0504011 0.0498646 0.048135 0.0452027 0.0360741 0.0361431 0.0351903 0.0351423 0.0363615 0.024274 0.0264098 0.0297042 0.0358842 0.0407543 0.0490092 0.0477064 0.0486808 0.0495729 0.0501478
0.0374103 0.0382399 0.0399624 0.0427617 0.0455201 0.0496017 0.050094 0.0492645 0.0461505 0.043342 0.035802 0.0353592 0.0339897 0.0354061 0.0360209 0.0252476 0.0271525 0.0323033 0.0386528 0.0426324 0.0472069 0.0482137 0.0492622 0.0497732 0.0498401
0.0367982 0.0386567 0.0410802 0.0436873 0.0468278 0.0497466 0.049208 0.0474719 0.0445285 0.0411434 0.0354346 0.0344782 0.03443 0.0356538 0.0355638 0.0256645 0.0289713 0.0351747 0.0400633 0.0440766 0.0470417 0.0480197 0.0489152 0.0494923 0.0493141
0.0374399 0.0391661 0.0419713 0.0447357 0.0480977 0.0493194 0.0484881 0.0453674 0.0425529 0.0380187 0.034553 0.0331806 0.0346 0.0352161 0.0349274 0.0263287 0.0314905 0.0378536 0.0418418 0.0451478 0.047435 0.0484858 0.0489979 0.0490649 0.0488032
0.0378379 0.0402645 0.0428751 0.0460196 0.0484485 0.0484029 0.0466645 0.0437173 0.0403278 0.0344767 0.0336539 0.0336057 0.034831 0.0347409 0.0346116 0.0281398 0.0343513 0.0392463 0.0432649 0.0456592 0.0472131 0.0481097 0.0486876 0.0485091 0.0508077
0.0382764 0.041075 0.0438327 0.0471867 0.0484054 0.0475761 0.0444629 0.0416552 0.0371318 0.031123 0.0323053 0.0337213 0.034336 0.034048 0.0341171 0.0306193 0.0369671 0.0409457 0.0442438 0.045705 0.0475738 0.0480847 0.0481515 0.0478904 0.0518942
0.0392692 0.0418644 0.0449906 0.0474053 0.0478961 0.0456317 0.0427018 0.0393321 0.0335151 0.029403 0.0326492 0.0338674 0.0337778 0.0336493 0.0332079 0.0333905 0.0382569 0.0422519 0.0446323 0.0460217 0.0470685 0.0476429 0.0474655 0.0497507 0.0537765
0.0402011 0.0429499 0.046293 0.0475078 0.0469719 0.043578 0.0407794 0.0362707 0.0302813 0.02976 0.0328713 0.0334839 0.0331969 0.0332658 0.032314 0.0361066 0.0400723 0.0433596 0.0448161 0.0457894 0.0471881 0.0472547 0.0469944 0.0509853 0.0550845
0.0412088 0.0443433 0.0467645 0.0472566 0.0464275 0.0420484 0.0386697 0.0328372 0.028714 0.0311603 0.0331904 0.0331006 0.0329717 0.0325291 0.0310846 0.0375916 0.0415974 0.0439841 0.0453772 0.0464252 0.0470028 0.0468249 0.0491162 0.0531528 0.0557136
0.0423999 0.0457579 0.0469781 0.0464398 0.0447045 0.0402198 0.035691 0.029675 0.0291513 0.0316686 0.0328918 0.0326035 0.0326727 0.0317167 0.0296425 0.0395095 0.0428115 0.0442745 0.0452521 0.0461471 0.0467239 0.0464625 0.0504711 0.0545886 0.0555591
0.0437358 0.046161 0.0466539 0.0458234 0.0427058 0.0380529 0.0322109 0.028081 0.0305313 0.0319493 0.0324748 0.0323456 0.0319023 0.0304555 0.0267864 0.0409854 0.043376 0.0447714 0.0458211 0.0463327 0.0462215 0.0485165 0.0525597 0.0551247 0.0556543
0.0450401 0.0462595 0.0457215 0.0439874 0.0410474 0.0349801 0.0289681 0.0284448 0.0309603 0.0321827 0.0318946 0.0319638 0.0310084 0.0289356 0.0251347 0.0420957 0.0435577 0.0445346 0.0454291 0.0460055 0.0457442 0.0497501 0.0538648 0.0548346 0.0559877
0.0452523 0.0457431 0.0449162 0.0418124 0.0411841 0.0313636 0.0272519 0.0296914 0.0311031 0.0317159 0.0314977 0.0310564 0.0296159 0.025963 0.0223587 0.0424796 0.0438689 0.0449139 0.0454233 0.04549 0.0475975 0.0516229 0.0541766 0.0547038 0.0566537
0.0453529 0.0448166 0.0430875 0.0401561 0.042446 0.0281125 0.0275907 0.0300989 0.0313177 0.031228 0.0310994 0.0301468 0.0280801 0.0242904 0.0200117 0.0426591 0.0436331 0.0445249 0.0450997 0.0449222 0.0488332 0.0529358 0.0539028 0.0550524 0.057986
0.0450839 0.0442538 0.0411379 0.0405071 0.0438641 0.0265205 0.0289695 0.0303868 0.0310019 0.0307137 0.0303398 0.0288937 0.0252265 0.0216082 0.018878 0.0432024 0.0442516 0.0447629 0.0448298 0.0436878 0.0509867 0.0535504 0.0540797 0.0560372 0.0582202
0.0442893 0.0425475 0.0395946 0.0419014 0.044335 0.0269368 0.0294634 0.0306912 0.0306009 0.0304713 0.0295117 0.0274298 0.0236122 0.0193021 0.0198679 0.0430972 0.0439956 0.0445745 0.0443957 0.0419291 0.0524683 0.0534423 0.0546004 0.0575556 0.0580185
0.043885 0.0407316 0.0400932 0.0434906 0.0447251 0.0284167 0.029851 0.0304736 0.0301819 0.0302519 0.02834 0.0246287 0.0209668 0.0182037 0.0203717 0.0438827 0.0444002 0.044468 0.0433122 0.0419898 0.0532935 0.0538292 0.0558102 0.0580195 0.0576158
0.0421579 0.0391696 0.041504 0.0439667 0.0444673 0.0289169 0.0301594 0.030068 0.0299369 0.0294867 0.026859 0.0229956 0.0186339 0.0192064 0.0211431 0.0436233 0.0442092 0.0440282 0.041532 0.0425556 0.0531833 0.0543552 0.0573459 0.0578143 0.0570691
0.040062 0.0394213 0.0428314 0.0440705 0.0435239 0.0291408 0.0297657 0.0294729 0.0295433 0.0285724 0.0238989 0.0202233 0.0174499 0.0196261 0.0229827 0.0437444 0.0438124 0.0426523 0.0413249 0.0423177 0.0532086 0.0551971 0.0574146 0.0570095 0.0553672
0.0384093 0.0407408 0.0432006 0.0437006 0.0428582 0.0294101 0.0293188 0.0291878 0.0287382 0.0273475 0.022255 0.0178985 0.0184704 0.0204047 0.0256351 0.0434427 0.043262 0.0407688 0.0417912 0.0428559 0.0535764 0.0565634 0.0570313 0.0562869 0.054924
0.0386278 0.0420302 0.0432665 0.0427211 0.0409628 0.0289941 0.028702 0.0287721 0.0278035 0.0277547 0.0194733 0.0167062 0.0188774 0.0222264 0.0285089 0.043009 0.0418515 0.0405272 0.0415177 0.0424245 0.0543679 0.0565804 0.0561762 0.0545376 0.0547427
0.0398644 0.0423167 0.0428151 0.0419753 0.0388229 0.0284774 0.0283468 0.0278986 0.0265122 0.027946 0.0170921 0.0176622 0.0195906 0.0248049 0.0312327 0.0423778 0.0398924 0.0409116 0.041973 0.0424903 0.0556386 0.056105 0.0553629 0.0540041 0.0555048
0.0411652 0.0423984 0.0418544 0.0401005 0.037127 0.0278701 0.0279401 0.0269739 0.0269252 0.0281615 0.0159042 0.01807 0.0214107 0.0276775 0.0326161 0.0409869 0.0396659 0.0406539 0.0415585 0.0421415 0.0556792 0.0552759 0.0536415 0.053846 0.0562034
0.0415057 0.0420035 0.0411648 0.0380163 0.0351767 0.0275532 0.0271055 0.0257209 0.0271529 0.0277745 0.0168819 0.0188079 0.0240157 0.0304355 0.0344592 0.0390844 0.0401024 0.0411624 0.0416791 0.0417468 0.0552769 0.0545357 0.0531786 0.0546774 0.0564823
0.0416627 0.0411184 0.0393638 0.0363893 0.0329682 0.0271989 0.0262323 0.0261836 0.0274204 0.0273295 0.0173251 0.020667 0.0269362 0.0318767 0.0359326 0.0389291 0.0399175 0.0408225 0.0414057 0.0412256 0.054545 0.0529099 0.0531146 0.0554729 0.0563009
0.0412895 0.0404506 0.0373015 0.0344615 0.029886 0.0263888 0.0250039 0.0264362 0.0270579 0.0267666 0.0180897 0.0232985 0.0297194 0.0337439 0.0370799 0.039388 0.0404483 0.0409651 0.0410327 0.0407685 0.053824 0.0524666 0.0539657 0.0557709 0.0559167
0.0404043 0.0386506 0.0356776 0.0322582 0.0263557 0.0255257 0.025477 0.0267132 0.0266223 0.0264918 0.0199632 0.0262292 0.0311672 0.0352211 0.0376365 0.039204 0.0401086 0.0406915 0.0405114 0.0428302 0.05219 0.0523945 0.0547516 0.0555792 0.0556737
0.0398339 0.0366663 0.0338095 0.029207 0.0230931 0.0242961 0.0257369 0.0263623 0.0260692 0.0261396 0.0225806 0.0290395 0.0330876 0.0364434 0.0379301 0.0398316 0.0403514 0.0404194 0.0401537 0.0442275 0.0519208 0.0534287 0.0552445 0.0553913 0.0559201
0.0381074 0.0350985 0.031638 0.0256643 0.0214414 0.0247751 0.0260261 0.0259341 0.0258021 0.0253488 0.0255363 0.0305338 0.0346365 0.037081 0.0385078 0.0395828 0.0401728 0.0399906 0.0423373 0.0464716 0.0520168 0.0544023 0.0552399 0.0553355 0.0564049
0.0361549 0.0332594 0.0285945 0.0223978 0.0218584 0.0250774 0.0257112 0.0254142 0.0254856 0.0245008 0.0284247 0.0325277 0.0359289 0.0374358 0.0384428 0.0398899 0.0399589 0.0396896 0.0438185 0.0480598 0.0531444 0.0549849 0.0551336 0.0556696 0.056852
0.0346372 0.0311204 0.0250497 0.0207581 0.0233043 0.0254174 0.0253239 0.0251897 0.024729 0.0232255 0.0299983 0.0341677 0.036652 0.038102 0.0391928 0.039794 0.0396088 0.0419937 0.0461953 0.0488607 0.0542548 0.0551061 0.0552032 0.05629 0.0568401
0.0329166 0.0281529 0.0218248 0.021274 0.0239218 0.0252085 0.0249052 0.024978 0.0239724 0.0217906 0.0321695 0.0356428 0.0371816 0.0382099 0.0391514 0.0397582 0.0394831 0.0436997 0.0480308 0.0490516 0.0551027 0.0552545 0.0558019 0.0570094 0.0568024
0.0307689 0.0245621 0.0201743 0.0227776 0.0242841 0.0248424 0.0247052 0.0242342 0.022697 0.0187988 0.0338846 0.0364245 0.037907 0.0390223 0.0395658 0.0394476 0.041886 0.0461817 0.0489069 0.0494695 0.0552922 0.0553916 0.0565027 0.0570652 0.0562125
0.0276507 0.021189 0.0206266 0.0233303 0.0246441 0.0243344 0.0244088 0.023382 0.0211542 0.017069 0.0352985 0.0368697 0.0379197 0.0388811 0.0395006 0.0392198 0.0435252 0.0479477 0.0489901 0.0502293 0.0553237 0.0558827 0.0571157 0.0569043 0.054628
0.0240496 0.0195445 0.0222173 0.0237641 0.0244355 0.0241965 0.0237129 0.0221347 0.0181323 0.0141833 0.0362289 0.037751 0.0388961 0.0394541 0.0395272 0.0418363 0.0462468 0.0490447 0.0496224 0.0517588 0.0557028 0.0568436 0.0574211 0.0565456 0.0554433
0.0206583 0.0200774 0.0228698 0.0242267 0.0241269 0.0239837 0.0229232 0.0206223 0.0164031 0.0116395 0.0368534 0.0379378 0.0389307 0.0395706 0.039373 0.0437272 0.0482948 0.0493713 0.0506512 0.0539173 0.05649 0.0577635 0.0575452 0.0551943 0.0559128
0.0189518 0.021698 0.0232873 0.0239771 0.0236538 0.0232346 0.021613 0.0175008 0.0134434 0.0103819 0.0376581 0.0388345 0.0394079 0.039483 0.0382023 0.046387 0.0492618 0.0498553 0.0520503 0.0544982 0.0572747 0.057868 0.0569685 0.0558359 0.0559977
0.0195617 0.0224145 0.0238008 0.0236988 0.0235525 0.022469 0.0201183 0.0158078 0.0109412 0.0115801 0.0378085 0.0388229 0.0394766 0.0392747 0.0364896 0.0483895 0.0494894 0.050797 0.0541337 0.0546564 0.0580631 0.0578401 0.0554383 0.0561724 0.0562783
0.0213969 0.0230224 0.023728 0.0233974 0.0234768 0.02131 0.017104 0.012954 0.00982272 0.0122797 0.0389243 0.0395107 0.0395875 0.0382777 0.036779 0.0495893 0.0501964 0.0524415 0.0549452 0.0544877 0.0583918 0.0574718 0.0563134 0.0564789 0.0570756
0.0222178 0.0236399 0.0235353 0.0233852 0.0228699 0.0198622 0.0154401 0.0104475 0.0111029 0.0133196 0.039051 0.0397216 0.0395145 0.0366573 0.0378289 0.0499936 0.051335 0.0547582 0.0552944 0.0544414 0.0585605 0.0560965 0.0568496 0.0569583 0.058174
0.0228537 0.0235763 0.0232377 0.023319 0.0221964 0.0167925 0.0125424 0.00933546 0.0118517 0.015733 0.0397399 0.0398186 0.0384771 0.0369423 0.0380902 0.0506835 0.0529827 0.0555469 0.0550784 0.0531794 0.0581345 0.0569481 0.0571176 0.0577287 0.0590767
0.023524 0.0234175 0.0232646 0.02274 0.0211173 0.015175 0.0100916 0.0107588 0.0130159 0.019119 0.0398982 0.0396873 0.0367782 0.0379711 0.0392135 0.0517229 0.0552083 0.0557543 0.0548857 0.0532953 0.056571 0.0573378 0.0574485 0.0586862 0.0593128
0.0234628 0.0231182 0.023201 0.0220586 0.022001 0.0122342 0.00897079 0.0115314 0.0154811 0.0228905 0.0399915 0.0386264 0.0370645 0.0382327 0.0393022 0.0533878 0.0559972 0.0555204 0.053588 0.0538298 0.0574232 0.0575957 0.0582175 0.0595893 0.0593541
0.0232982 0.0231426 0.0226084 0.0209564 0.022665 0.00973134 0.0104107 0.0127086 0.0189221 0.0265815 0.0398622 0.0369005 0.038115 0.0393798 0.0399962 0.0556639 0.0562197 0.0553355 0.0537163 0.0555045 0.0578319 0.0579446 0.0592047 0.0598426 0.0588755
0.0230069 0.023091 0.0219302 0.0218717 0.023357 0.0086311 0.0112331 0.0152465 0.0227755 0.0287087 0.0387654 0.0371783 0.0383653 0.0394522 0.0401526 0.0564166 0.0559322 0.0539685 0.0542143 0.0570465 0.0580409 0.0586728 0.0600667 0.0598277 0.0572544
0.023061 0.0225205 0.0208489 0.0225778 0.0233282 0.0101779 0.012503 0.0187903 0.0265408 0.0313985 0.0369823 0.0382112 0.0394911 0.0401148 0.0401965 0.056531 0.0556363 0.0539978 0.0558072 0.0579863 0.0582763 0.0595514 0.0601969 0.0592183 0.0562884
0.0230401 0.0218723 0.0218135 0.0233077 0.0231978 0.0111111 0.0151486 0.0227227 0.0286914 0.0335916 0.0372118 0.0384059 0.0394993 0.0402039 0.0399862 0.0560781 0.0541026 0.0543499 0.057199 0.0581994 0.0588351 0.0602373 0.059997 0.0574082 0.0552272
0.022423 0.0207509 0.0224802 0.0232309 0.0228791 0.0124028 0.0186918 0.0264443 0.0313033 0.0353312 0.0381179 0.0393981 0.040022 0.0401037 0.0397847 0.0555476 0.0539087 0.0557186 0.0578982 0.0580743 0.0594638 0.0601094 0.0591306 0.0561999 0.0528126
0.0216342 0.0215755 0.0230685 0.0229587 0.0228011 0.0149161 0.0224839 0.0284478 0.033344 0.0362612 0.0381544 0.0392468 0.0399508 0.0397334 0.0425339 0.0538382 0.0540853 0.0569321 0.0579317 0.0580457 0.0599679 0.0597278 0.0571411 0.0549619 0.0508129
0.0205705 0.0223035 0.0230557 0.0227032 0.0227879 0.0185071 0.0262758 0.0311449 0.0351812 0.0369695 0.0392566 0.0398818 0.0399636 0.039644 0.044544 0.0537975 0.0556111 0.0577953 0.0579717 0.0586078 0.0600111 0.0590303 0.0560935 0.0526991 0.0498809
0.0214938 0.0229883 0.0228784 0.0227206 0.0221791 0.0224032 0.0283733 0.0332746 0.0361949 0.0378994 0.0391836 0.0398884 0.0396707 0.0424742 0.0474132 0.0540377 0.0568875 0.0578881 0.0580023 0.0592799 0.0596861 0.0570967 0.0549152 0.0507619 0.0478088
0.0221617 0.0229163 0.0225627 0.0226476 0.0214752 0.0261469 0.0310318 0.0350812 0.0368753 0.0380741 0.039797 0.0398792 0.0395585 0.0444744 0.0495239 0.0555775 0.0577687 0.0579457 0.0585839 0.0599917 0.0590077 0.0560613 0.052656 0.0498286 0.0448074
0.0228627 0.0227515 0.022592 0.0220443 0.020257 0.0283085 0.0332651 0.0362184 0.0379422 0.0392389 0.0399537 0.0397335 0.0425687 0.0475635 0.0507321 0.0571447 0.0581567 0.0582722 0.0595641 0.0602181 0.0573563 0.0551503 0.05095 0.0479635 0.0418684
0.0228347 0.0224771 0.022563 0.0213771 0.0188041 0.0310435 0.0351394 0.0369541 0.0381668 0.039277 0.0399925 0.0396682 0.0446406 0.0497481 0.0509519 0.0580877 0.0582667 0.0589122 0.0603362 0.0600921 0.0563607 0.0529162 0.0500564 0.0449774 0.0398792
0.0226798 0.0225187 0.0219657 0.0201607 0.0155833 0.0332972 0.0362796 0.0380205 0.03933 0.0399682 0.0398295 0.0426926 0.0477367 0.0509366 0.0515973 0.0584345 0.0585511 0.0598558 0.0605163 0.0595151 0.0553984 0.0511566 0.0481407 0.0419854 0.0367301
0.0223756 0.0224626 0.0212608 0.0186532 0.0138716 0.0352085 0.0370476 0.0382766 0.0394018 0.0401269 0.0397982 0.0448376 0.0500139 0.0512339 0.0526844 0.0586472 0.0593014 0.0607446 0.0604972 0.0578329 0.0532246 0.0503263 0.0451789 0.0400121 0.0360255
0.0224091 0.0218479 0.0200165 0.0153722 0.0107898 0.0363714 0.0381377 0.0394663 0.0401139 0.0401987 0.0428782 0.0479961 0.0512428 0.0519132 0.0543922 0.0589688 0.0602925 0.0609626 0.0599467 0.0586676 0.051466 0.0484059 0.0421606 0.0368284 0.0347863
0.0223268 0.0211033 0.0184488 0.0135812 0.00808563 0.0371742 0.0384253 0.0395707 0.0403089 0.0400809 0.0451043 0.0503738 0.0516158 0.0530923 0.0568604 0.0598285 0.0612976 0.0610457 0.0583336 0.0591625 0.0506918 0.0454519 0.0401921 0.0361337 0.0338148
0.0217046 0.019841 0.0151151 0.0104523 0.00693392 0.0382803 0.0396323 0.0402912 0.0403775 0.0389058 0.0483118 0.0516155 0.0522977 0.0548202 0.0576333 0.0608241 0.061506 0.0604723 0.0591707 0.0593567 0.0487289 0.0423739 0.0369481 0.0348702 0.0326087
0.020946 0.0182469 0.0132974 0.00770939 0.00844292 0.0385594 0.0397241 0.0404747 0.0402429 0.037045 0.0507089 0.0519718 0.0534732 0.0573046 0.0579047 0.0618165 0.0615604 0.0588026 0.0596454 0.0597671 0.0457042 0.0403559 0.0362293 0.0338714 0.0324396
0.0195889 0.0147789 0.010033 0.00645196 0.00926178 0.0397327 0.0404034 0.0404912 0.0389933 0.0372794 0.0519294 0.0526236 0.0551911 0.0580544 0.0575313 0.061996 0.0609439 0.0596191 0.0598084 0.0604908 0.0425231 0.0370007 0.0348858 0.032584 0.0323499
0.0179158 0.0128851 0.00720526 0.00795083 0.0104727 0.0397459 0.0405089 0.0402733 0.0370228 0.0383557 0.0521948 0.0537209 0.0576153 0.0582253 0.0572548 0.061941 0.0591378 0.0599946 0.0601182 0.0615012 0.0403881 0.0361937 0.0337971 0.0323417 0.0322966
0.0143447 0.0095018 0.00584763 0.00871485 0.0131374 0.0404927 0.0405822 0.0390537 0.0373048 0.0386129 0.0529625 0.0555824 0.0585042 0.0579704 0.0558066 0.0614527 0.0601009 0.0602941 0.0609903 0.0625263 0.0370204 0.0348623 0.0325135 0.0322747 0.0325108
0.0123971 0.00660165 0.0073624 0.00993562 0.0168936 0.0405833 0.0403429 0.0370263 0.0383863 0.0398027 0.0540643 0.058038 0.0586604 0.0576702 0.055857 0.0595916 0.0604657 0.0605919 0.062003 0.0627173 0.0361803 0.0337349 0.0322499 0.0322039 0.0330189
0.00894864 0.00525599 0.0081534 0.0126225 0.0210063 0.0403563 0.0388117 0.0370444 0.0383662 0.0395764 0.0555144 0.058467 0.0579275 0.0557409 0.0560146 0.0600805 0.0602757 0.0609793 0.0625315 0.0622654 0.0345761 0.0322026 0.0319613 0.0321999 0.0327778
0.0060561 0.00681958 0.00940203 0.016385 0.024993 0.0399183 0.0365898 0.0379547 0.0393761 0.0400689 0.0576768 0.0583015 0.0573077 0.055488 0.0574976 0.0601133 0.0602399 0.0616561 0.062373 0.0612862 0.0332867 0.0317963 0.0317501 0.0325681 0.0339358
0.0047779 0.00766394 0.0121156 0.0204665 0.0270474 0.038202 0.0364416 0.0377583 0.0389637 0.0397406 0.0577802 0.0572429 0.0550648 0.0553374 0.0584788 0.0595818 0.0602827 0.0618287 0.0615637 0.0587094 0.0316189 0.0313785 0.0316161 0.0321918 0.0351873
0.00641183 0.00897764 0.0159156 0.0244681 0.0298285 0.0359902 0.0373463 0.0387586 0.0394469 0.039537 0.0575619 0.0565746 0.0547666 0.0567633 0.0591678 0.0594879 0.060895 0.0616072 0.0605274 0.0572943 0.0312276 0.0311817 0.0319944 0.0333533 0.0380515
0.00740749 0.0118331 0.0201352 0.0266776 0.0320487 0.0360169 0.0373259 0.0385243 0.0392966 0.0390581 0.0566966 0.0545313 0.0548023 0.0579253 0.0590218 0.0597186 0.0612556 0.0609922 0.0581546 0.055764 0.0309834 0.0312196 0.031792 0.03477 0.0387033
0.00882761 0.0156813 0.02413 0.0294253 0.0338149 0.0368518 0.0382469 0.0389269 0.0390159 0.0386683 0.0558466 0.0540606 0.056033 0.0584083 0.0586002 0.0601145 0.0608181 0.0597514 0.0565575 0.0528661 0.0307621 0.0315649 0.0329072 0.0375484 0.0396067
0.0117023 0.0199127 0.0263829 0.0316947 0.0348595 0.0369135 0.0380986 0.0388624 0.0386265 0.0416648 0.0539288 0.0541968 0.0572853 0.0583697 0.0584935 0.0605789 0.0603183 0.0575121 0.0551479 0.0506467 0.0308747 0.0314407 0.0343858 0.0382757 0.0408052
0.0155838 0.0239799 0.0292423 0.0336046 0.0355373 0.0380091 0.0386848 0.0387733 0.0384279 0.0437236 0.0537244 0.0556846 0.0580452 0.0582359 0.0589233 0.0604399 0.0593799 0.0562059 0.0525374 0.0494916 0.0313686 0.0327026 0.0373149 0.0393604 0.0411368
0.0198156 0.0262543 0.0315402 0.0346896 0.0365279 0.0379129 0.038673 0.0384383 0.0414617 0.0467883 0.0539326 0.0570061 0.0580852 0.0582084 0.0595862 0.0600243 0.0572317 0.0548791 0.0503998 0.0472149 0.0312874 0.0342182 0.0380891 0.0406063 0.0411813
0.0238996 0.0291444 0.033492 0.0354183 0.0367054 0.0385552 0.0386434 0.0382992 0.0435771 0.0489986 0.0554981 0.0578507 0.0580408 0.058726 0.0602375 0.059181 0.0560176 0.0523614 0.0493258 0.0439347 0.0325931 0.0371899 0.0392285 0.040999 0.0413093
0.0261552 0.0314212 0.0345587 0.0363901 0.0377678 0.0385271 0.0382932 0.0413053 0.0466118 0.0499782 0.056791 0.0578661 0.0579888 0.0593614 0.0600562 0.0570158 0.054672 0.0502096 0.0470368 0.0405613 0.0340891 0.0379454 0.0404531 0.0410259 0.041185
0.0289645 0.0332853 0.0351997 0.0364789 0.0376501 0.0384049 0.0380628 0.0433082 0.0486962 0.0499661 0.0574937 0.0576825 0.0583635 0.0598657 0.0596082 0.0556719 0.0520382 0.0490213 0.0436635 0.0382854 0.0369604 0.0389864 0.040746 0.0410543 0.0411175
0.0312695 0.0343919 0.0362144 0.0375854 0.0382536 0.0381083 0.0411059 0.0463868 0.0497369 0.0504286 0.0575867 0.0577088 0.0590748 0.0597662 0.058718 0.0544081 0.0499672 0.0468097 0.0403655 0.0348635 0.0377622 0.0402578 0.0408278 0.0409861 0.0410491
0.0331785 0.0350866 0.0363618 0.0375292 0.0382816 0.0379406 0.0431691 0.0485398 0.0498057 0.0513106 0.0574973 0.0581761 0.0596735 0.0594168 0.0566525 0.0518711 0.048864 0.0435233 0.0381625 0.0340262 0.0388612 0.0406151 0.0409225 0.0409855 0.0407422
0.0342419 0.0360565 0.0374216 0.0380868 0.0381739 0.0409267 0.0461845 0.0495201 0.0502087 0.0527555 0.0574572 0.0588172 0.0595056 0.058462 0.0571479 0.0497494 0.0466056 0.0401895 0.0347115 0.0326136 0.0400822 0.0406498 0.0408074 0.0408702 0.0395061
0.0349018 0.0361702 0.0373315 0.0380799 0.0378488 0.0429417 0.0482841 0.0495433 0.0510403 0.0548605 0.0578697 0.0593591 0.0591038 0.056354 0.0571945 0.0486066 0.0432941 0.0379615 0.0338469 0.031496 0.0404012 0.040707 0.0407695 0.0405276 0.0381058
0.035885 0.0372435 0.0379056 0.0379923 0.0365135 0.0459648 0.0492845 0.0499699 0.0525045 0.0553312 0.0585374 0.0592225 0.0581838 0.056876 0.0570628 0.0463839 0.0399983 0.0345463 0.0324585 0.0301861 0.0404564 0.0406133 0.0406757 0.0393181 0.0385676
0.0359638 0.0371184 0.0378626 0.0376327 0.0344624 0.0480085 0.0492605 0.050749 0.0545473 0.0551423 0.0590203 0.0587664 0.0560324 0.056868 0.0569886 0.0430469 0.0377447 0.0336537 0.0313162 0.0298967 0.0404746 0.0405368 0.0402963 0.0378883 0.0397553
0.0369925 0.0376501 0.0377362 0.0362674 0.0345868 0.0489522 0.049633 0.0521506 0.0549583 0.0544453 0.0588233 0.0577916 0.0564926 0.0566782 0.0573473 0.0397287 0.0343134 0.0322396 0.0299826 0.0297531 0.0403395 0.0404015 0.0390531 0.0383076 0.0400365
0.0368743 0.0376135 0.0373852 0.0342357 0.0355272 0.0489364 0.0504151 0.0541885 0.0547796 0.0538393 0.0583798 0.0556638 0.0564939 0.0566137 0.0579537 0.0374964 0.0334323 0.0311102 0.0297001 0.0296564 0.0402702 0.0400312 0.037639 0.0394938 0.040053
0.0371776 0.0372627 0.0358123 0.0341527 0.0353939 0.0490102 0.0514962 0.0542686 0.0537621 0.0517088 0.0570664 0.0557837 0.0559669 0.0566276 0.0580852 0.0338829 0.0318351 0.0296064 0.0293797 0.0296038 0.0398946 0.038563 0.0378269 0.0395341 0.0398333
0.0370746 0.0368496 0.0337452 0.0350182 0.0363439 0.0496928 0.0534121 0.0539947 0.0530679 0.0513707 0.0548663 0.0556845 0.0558026 0.0571234 0.057792 0.0329534 0.0306645 0.0292746 0.0292315 0.0299943 0.0394576 0.0370997 0.038928 0.0394792 0.0396323
0.0370577 0.0356135 0.0339611 0.035197 0.0363285 0.0512304 0.053991 0.0534867 0.0514422 0.0516981 0.0554997 0.0556822 0.05634 0.0577913 0.0575425 0.0316533 0.0294341 0.0292084 0.0294315 0.0299719 0.0383525 0.0376195 0.0393194 0.0396174 0.0396784
0.0368611 0.0337413 0.0350206 0.0363529 0.0370023 0.0535063 0.0540917 0.0531603 0.0514546 0.0533383 0.0557899 0.0559086 0.057236 0.057908 0.0568893 0.0306452 0.0292483 0.029205 0.0299717 0.0312536 0.0371126 0.0389499 0.0395039 0.0396577 0.0397189
0.0355565 0.0338871 0.0351357 0.0362788 0.0370154 0.0541218 0.0536123 0.0515469 0.0518054 0.0547842 0.0558302 0.0564948 0.0579609 0.0577095 0.0550029 0.0293139 0.0290859 0.0293113 0.0298572 0.0326977 0.037583 0.0393003 0.0396012 0.0396629 0.0394247
0.0333409 0.0346223 0.0359567 0.0366071 0.0366922 0.0537233 0.0527904 0.0510821 0.0529687 0.0552406 0.0555431 0.0568726 0.0575455 0.0565253 0.0534704 0.0288409 0.0287976 0.0295654 0.0308494 0.0352886 0.0385577 0.0391126 0.0392666 0.039328 0.0379945
0.0333776 0.034623 0.0357632 0.036498 0.0362711 0.0530531 0.0509929 0.0512508 0.0542221 0.0552654 0.0559283 0.0573907 0.0571401 0.0544402 0.0521658 0.0285885 0.0288133 0.0293578 0.0321912 0.0359336 0.0387771 0.0390773 0.0391388 0.0389013 0.0387338
0.0341271 0.0354627 0.0361136 0.0361988 0.0358661 0.0523109 0.0506011 0.0524893 0.0547632 0.0549469 0.0563965 0.05707 0.0560489 0.0529914 0.0494576 0.0282974 0.0290659 0.030351 0.034794 0.0367643 0.0386212 0.0387755 0.0388369 0.0375022 0.0391897
0.0341917 0.0353329 0.0360684 0.0358413 0.0387669 0.0505764 0.0508345 0.0538085 0.0548527 0.0549719 0.05698 0.0567291 0.0540268 0.0517503 0.0474159 0.0283768 0.0289218 0.0317577 0.0355034 0.0379392 0.03865 0.0387115 0.0384738 0.0383061 0.0409312
0.0350891 0.0357405 0.0358258 0.0354928 0.0405983 0.0502398 0.0521296 0.0544054 0.0545892 0.055252 0.0567141 0.0556922 0.0526321 0.0490954 0.0461591 0.0286871 0.0299732 0.0344198 0.0363918 0.0381044 0.0384046 0.038466 0.0371303 0.0388191 0.0407919
0.035001 0.0357398 0.0355116 0.0384503 0.0436277 0.0505719 0.0535592 0.0546081 0.0547279 0.056067 0.0564928 0.0537785 0.0514918 0.047138 0.0440424 0.0285611 0.0314097 0.0351722 0.0376188 0.0381778 0.0383947 0.0381559 0.0379875 0.0406243 0.0420433
0.0354566 0.0355428 0.0352062 0.0403667 0.0456674 0.0520222 0.0543225 0.0545083 0.0551782 0.0566561 0.0556231 0.0525302 0.0489554 0.0459874 0.0407162 0.0296271 0.0341216 0.0361148 0.0378459 0.0381493 0.0382114 0.0368613 0.0385684 0.0405624 0.0418788
0.0353993 0.0351681 0.0381465 0.0433937 0.0467225 0.0534593 0.0545224 0.0546437 0.0560009 0.056688 0.0536816 0.051364 0.0469514 0.043814 0.0374108 0.0310109 0.0348241 0.0373038 0.0378702 0.0380275 0.0378481 0.0376774 0.0403498 0.041788 0.0425158
0.0352704 0.0349276 0.0401834 0.0455822 0.0468546 0.0543972 0.0545865 0.0552688 0.056774 0.056516 0.0525718 0.0489309 0.045908 0.0405395 0.0351506 0.033823 0.035853 0.0376161 0.0379251 0.0379884 0.0366133 0.0383519 0.0403828 0.0417235 0.0424587
0.0349335 0.0379699 0.0433193 0.0467129 0.0474135 0.0546645 0.0547883 0.0561719 0.0568723 0.0558105 0.0514447 0.0469462 0.0437477 0.0372199 0.0316465 0.0345829 0.0371107 0.0376882 0.0378486 0.0379124 0.0374916 0.0402161 0.0416822 0.0424242 0.0429464
0.0345621 0.0399111 0.0454055 0.0467004 0.0482401 0.0545693 0.0552637 0.0567956 0.0565329 0.053705 0.0488135 0.0457371 0.0402734 0.0347891 0.0305575 0.0355039 0.0372982 0.0376127 0.0376771 0.0374282 0.0380471 0.0401139 0.0414784 0.0422266 0.0437005
0.0375346 0.0429799 0.0464342 0.0471474 0.049785 0.0546543 0.0560627 0.0567757 0.0556948 0.0543339 0.0466717 0.0434159 0.0367712 0.0310979 0.0289253 0.0366601 0.0372479 0.0374111 0.0374761 0.0360634 0.0398211 0.0413134 0.0420687 0.0426003 0.045799
0.0396174 0.0452178 0.0465378 0.0481071 0.0521118 0.0552664 0.0568278 0.0565601 0.0536776 0.0545585 0.0455558 0.0399867 0.0343965 0.0300833 0.0276188 0.0369541 0.0372746 0.0373403 0.0370866 0.0345478 0.0398242 0.041215 0.0419776 0.04348 0.0462978
0.042828 0.0463461 0.0470725 0.0497587 0.0527545 0.0561523 0.0568784 0.0557776 0.0543916 0.0545896 0.0432721 0.0365047 0.0307267 0.028514 0.0261058 0.0369902 0.0371564 0.0372226 0.0357839 0.0349884 0.0411308 0.0419 0.0424414 0.0456991 0.0462575
0.0448437 0.0461761 0.0477602 0.0518026 0.0524358 0.056563 0.0562928 0.0533831 0.0542724 0.0544007 0.0395634 0.0339206 0.0295667 0.027079 0.0255684 0.0368258 0.036892 0.036636 0.0340733 0.0360603 0.0408032 0.041573 0.0430895 0.0459338 0.0455731
0.0456602 0.0463869 0.0490744 0.0520717 0.0515241 0.0561977 0.0550963 0.0537096 0.0539077 0.054622 0.0358139 0.0300331 0.0278193 0.0254099 0.0251649 0.036466 0.0365322 0.0350927 0.0342969 0.0361425 0.0412119 0.0417535 0.0450128 0.0455715 0.0461124
0.0455112 0.047094 0.0511331 0.0517658 0.0507593 0.0556195 0.0527122 0.0536008 0.0537291 0.0551634 0.0332658 0.0289155 0.0264299 0.0249205 0.0248737 0.0362348 0.035979 0.0334184 0.0354038 0.0360024 0.0409119 0.0424272 0.0452692 0.0449088 0.0471966
0.0458536 0.0485508 0.0515589 0.0510093 0.0487816 0.0545945 0.0532028 0.0534016 0.0541185 0.0556998 0.0294406 0.0272188 0.0248006 0.0245548 0.0247978 0.0359632 0.0345185 0.0337198 0.0355721 0.0358968 0.0412035 0.0444746 0.0450352 0.0455781 0.0476759
0.0465063 0.0505643 0.0512 0.0501888 0.048337 0.0521509 0.0530436 0.0531725 0.0546136 0.055343 0.0282425 0.0257453 0.0242287 0.0241817 0.025014 0.0353391 0.0327665 0.0347612 0.0353626 0.0355297 0.0418176 0.0446729 0.0443108 0.0466094 0.0483454
0.0479756 0.051002 0.0504491 0.0482077 0.0484882 0.0526559 0.0528559 0.0535772 0.0551682 0.0548954 0.0265133 0.0240804 0.023833 0.0240776 0.02467 0.0338576 0.033054 0.0349176 0.0352443 0.0353111 0.0438744 0.0444385 0.0449847 0.0470953 0.0495823
0.0501847 0.0508273 0.049805 0.0479331 0.0500004 0.0526912 0.0528214 0.0542783 0.0550157 0.0538977 0.025094 0.0235609 0.0235133 0.0243548 0.0257618 0.0321921 0.0342087 0.0348167 0.0349855 0.0350527 0.0442288 0.0438627 0.0461865 0.0479416 0.0502859
0.0508401 0.0502796 0.0480073 0.0482917 0.051569 0.0527197 0.0534509 0.0550639 0.0547874 0.0518096 0.0235469 0.0232961 0.023544 0.0241446 0.0272697 0.0326444 0.0345337 0.0348649 0.0349326 0.0346706 0.0441861 0.0447398 0.0468795 0.0494008 0.0511597
0.0508233 0.0497859 0.0478862 0.0499841 0.0525106 0.0528469 0.0543253 0.0550737 0.0539392 0.050542 0.0231531 0.0231049 0.0239588 0.0253866 0.0303231 0.0339586 0.0345756 0.0347469 0.0348151 0.0333322 0.0437556 0.0461137 0.0478948 0.0502739 0.0511449
0.0500737 0.0477854 0.0480718 0.0513722 0.0525311 0.0532674 0.0548918 0.0546134 0.0516145 0.0490881 0.0228995 0.0231492 0.023754 0.0269012 0.0310581 0.0342166 0.0345501 0.0346183 0.0343544 0.0341684 0.0444948 0.0466496 0.0491887 0.0509601 0.0503896
0.0495481 0.0476413 0.0497471 0.052283 0.0524879 0.0541045 0.0548557 0.0537169 0.0503071 0.0463661 0.0227677 0.0236247 0.0250579 0.0300128 0.0322102 0.0342811 0.034453 0.0345215 0.0330331 0.0349151 0.0458623 0.04765 0.050038 0.0509122 0.0494982
0.0477103 0.047999 0.051326 0.0524941 0.0526275 0.0548739 0.0545931 0.0515702 0.0490235 0.0441747 0.0228762 0.0234859 0.0266584 0.0308486 0.0335734 0.0343687 0.0344375 0.0341715 0.033984 0.0369205 0.0465655 0.049125 0.0509106 0.0503354 0.0494838
0.0475633 0.0496919 0.0522552 0.0524623 0.0532088 0.0548557 0.0537046 0.0502579 0.0462742 0.0429668 0.023287 0.0247356 0.0297441 0.0319653 0.0338943 0.0342324 0.0343016 0.0327971 0.0346994 0.0369215 0.0475721 0.0499859 0.0508696 0.0494403 0.048733
0.0479891 0.051364 0.052549 0.0526843 0.0541972 0.0546783 0.0516118 0.0490283 0.0441096 0.0406124 0.0231225 0.0263407 0.0305913 0.0333554 0.0339868 0.034232 0.0339621 0.0337719 0.0367508 0.0383539 0.0491312 0.0509426 0.0503591 0.0494953 0.0479532
0.0497097 0.0523155 0.0525261 0.053285 0.0549592 0.053789 0.0502851 0.0462354 0.042873 0.0369017 0.0243392 0.0294309 0.0316889 0.03365 0.0339936 0.034064 0.0325345 0.0344684 0.0367273 0.0382186 0.0500085 0.0509069 0.0494539 0.0487349 0.0469722
0.0514443 0.0526517 0.0527896 0.0543311 0.0551114 0.0516968 0.0490646 0.044053 0.0404896 0.0332172 0.0259484 0.0302793 0.0330956 0.0337389 0.0339176 0.0337138 0.03352 0.0365551 0.0381885 0.0390151 0.051015 0.0504206 0.0495404 0.0479691 0.0476262
0.0524133 0.0526276 0.0534 0.0551041 0.0548119 0.0503467 0.0462248 0.0428026 0.0367249 0.0306242 0.0291211 0.0314193 0.0334153 0.0337651 0.0338367 0.03228 0.0342483 0.0365475 0.0380653 0.0388976 0.0509796 0.0495007 0.0487688 0.0469749 0.0491214
0.0525137 0.0526533 0.0542146 0.0550049 0.0538068 0.0488805 0.0438046 0.0401956 0.0328298 0.026541 0.0298543 0.0327067 0.0333583 0.0335392 0.0336112 0.0331365 0.0362106 0.0378649 0.0387021 0.0392914 0.0502539 0.0493624 0.047771 0.0474237 0.0499361
0.0522907 0.0530697 0.054788 0.0544935 0.0513212 0.0458341 0.0423831 0.0362542 0.0301021 0.0253553 0.030904 0.0329168 0.0332695 0.0333418 0.0330626 0.0337568 0.0360753 0.0376059 0.0384452 0.0400986 0.0491375 0.0483995 0.0465904 0.048755 0.0506289
0.0524164 0.0539971 0.0547973 0.0535842 0.0520568 0.0434572 0.0398032 0.0323455 0.0259782 0.0235398 0.0322208 0.0328805 0.0330637 0.0331367 0.0315511 0.0357685 0.0374434 0.0382911 0.0388878 0.0424777 0.0490844 0.0474731 0.0471215 0.0496653 0.0505966
0.0528496 0.0545969 0.0542973 0.0510717 0.0520575 0.0419832 0.0357512 0.0294956 0.0246688 0.021911 0.0323576 0.0327163 0.0327897 0.0325058 0.0296648 0.0355693 0.0371256 0.037979 0.0396602 0.0428134 0.0481008 0.0462613 0.0484623 0.0503677 0.049754
0.0537383 0.0545533 0.0533178 0.0517621 0.0519844 0.0392818 0.0316862 0.0252012 0.0227177 0.0200147 0.0322312 0.0324177 0.032492 0.0308772 0.0299844 0.0368785 0.0377418 0.0383495 0.0420059 0.0426326 0.0470937 0.0467356 0.0493264 0.0502749 0.0487408
0.0544822 0.0541762 0.0508812 0.0518883 0.0520337 0.0352314 0.0288413 0.0239108 0.0210937 0.0193829 0.0321312 0.0322062 0.0319163 0.0290142 0.0312644 0.0366353 0.0375071 0.0392245 0.0424455 0.042037 0.0459675 0.0482158 0.0501621 0.0495352 0.048607
0.0545513 0.0532848 0.05169 0.0519179 0.0527393 0.0311103 0.0244625 0.0219166 0.0191458 0.0188641 0.0318602 0.0319363 0.0302809 0.0293658 0.0314882 0.0373179 0.0379408 0.0416889 0.0423314 0.0429534 0.0465374 0.0491931 0.0501655 0.0485929 0.0478146