25 50 relu 
-2.23795 -1.66925 -0.667811 1.27464 3.6269 1.95681 0.757044 0.0422603 -0.0173201 0.362543 -2.47232 -0.881365 1.3245 0.616084 -1.27406 -1.49089 0.976248 0.980131 0.503972 3.37821 4.68365 1.0121 0.451101 0.922175 -6.9006 
3.42988 0.997642 -1.07953 -2.16764 -3.20389 1.2618 -0.606821 -0.722054 0.0854942 2.09823 -1.14598 -0.0809739 1.70858 1.51586 -0.933191 -1.29746 -0.336502 -0.119482 -0.419406 1.30918 3.19082 1.24997 0.264376 -0.0697104 -4.68883 
-0.0455522 -0.208685 0.304799 0.699026 0.692279 -2.89198 -1.01321 -0.310024 1.34387 1.95816 1.65899 0.535649 -0.218269 -1.28859 -0.310598 -2.39427 -1.32689 -1.1509 -0.985542 0.980043 -1.02147 -1.74961 -0.973151 -2.54757 -0.106715 
-1.86302 -0.995918 -0.894471 0.57137 2.46264 1.17859 0.18684 1.07277 1.66926 2.69704 -1.57505 -0.734622 -0.949915 -1.1179 0.722669 -0.455801 -0.142598 1.11119 2.69508 0.418818 -4.37855 -1.14395 0.0202346 1.50652 -0.176152 
-0.773123 0.0682101 0.529126 -1.02166 -0.0427852 -0.297268 0.601468 0.178476 -0.209383 0.465322 -0.033974 0.434223 -0.903896 -0.784122 0.22337 -0.762232 -0.820958 -0.446902 -0.989391 -0.166779 -0.943696 0.41323 0.855275 -0.558921 -0.700583 
1.11912 -0.152099 -0.580249 0.15294 1.13198 1.55213 1.033 0.0587733 -1.50736 -1.80782 0.45255 1.67754 0.93036 -0.763012 -2.40921 -0.0742727 1.17297 1.33892 0.681963 2.67657 3.35795 0.431424 0.710426 0.216551 -9.30364 
-0.361501 0.258538 -0.746576 0.302507 0.243268 0.606146 -0.504316 -0.0471364 -0.221372 -0.593499 -0.94325 0.803347 -0.147005 -0.715958 0.894974 -0.179374 -0.737623 0.771297 -0.815653 -0.675603 -0.857873 -0.269322 -0.493885 -0.729781 0.566306 
-0.843529 0.353573 0.333052 -0.180312 -0.550539 0.421568 -1.5305 -0.915275 0.751293 0.972928 0.67867 -0.796222 0.357302 0.47497 3.33557 -4.33182 -5.34851 -2.87087 -1.14465 -0.451789 4.62478 1.91346 0.185205 1.18352 5.81506 
2.69891 -0.522652 0.260887 0.214385 -0.790199 0.352477 1.67526 0.356027 -1.71818 -0.10352 1.31974 0.596945 0.0467886 -0.992751 -1.64719 1.37441 1.47729 0.875627 1.93456 3.366 -1.5149 -2.14968 -1.43391 -0.704366 -5.95838 
-0.904494 1.16677 1.35999 0.360447 -0.455916 2.15241 2.5285 1.55797 1.6406 1.72543 -0.512759 0.557534 1.43946 1.82048 2.0696 2.27941 0.356765 0.177489 -2.19749 -1.63988 -1.35376 -1.25277 -2.13316 -2.18557 0.548449 
1.12232 0.674985 0.389662 -0.428435 -2.51136 1.52001 1.76383 1.74453 -0.726898 -2.51693 -1.90088 -1.44017 -2.22558 -2.6488 -3.88985 -0.316664 1.59174 1.99811 0.731571 0.221889 -0.860031 -1.25738 -0.364426 -0.078514 -0.282174 
-0.87957 -1.42738 -1.51212 -1.80987 -0.981326 -1.99837 0.842878 0.573484 1.59544 4.09584 2.13972 -0.556565 -0.316793 2.06587 -1.55288 -0.564928 1.97813 1.08663 0.177964 0.887956 0.904333 -0.468382 -1.0013 -1.71679 4.04457 
-5.03794 -0.817447 0.0188091 1.01106 2.2509 -0.679677 -0.0842631 -0.542162 -0.152187 0.93917 -0.665989 0.0207229 -1.35616 -1.53358 -1.00945 5.52047 3.21122 0.753073 -0.445304 -2.09151 -4.27444 -2.80809 -2.73857 -1.24595 -0.670979 
-3.21804 -0.948279 -0.458197 -1.7409 -4.16458 -6.47003 -4.51744 -2.1417 -1.48073 -0.0434793 0.295496 -0.420084 -1.65135 -2.44742 -1.10611 1.99343 1.67618 0.00413456 0.36515 -0.707763 2.02801 1.28174 1.11047 -0.154764 -1.1932 
-0.757349 -1.55391 0.24268 0.204747 0.092454 -2.1018 -0.415611 -0.173378 0.838741 3.75019 -1.03735 -0.496038 -0.356656 0.389987 1.43337 1.65366 1.06818 -1.01111 -2.40102 -5.54578 -3.7198 1.42054 1.98552 1.70243 4.68984 
3.61666 0.624348 -0.965095 -2.17314 -1.96497 -5.09713 -4.9318 -3.38208 -3.65377 -3.1784 1.08216 0.897227 1.73722 1.90614 2.02627 -4.64804 -4.09142 -3.52922 -0.922865 -0.0793508 -2.72661 -1.67546 -0.120392 2.09507 6.40635 
4.70056 0.320183 0.195293 -0.389401 1.05145 -1.90464 -3.87191 -5.24167 -4.99199 -3.8436 -1.75375 -1.92973 -2.06987 -2.28433 -1.52954 -5.97152 -5.00575 -1.74542 0.857452 2.35295 1.60904 0.133166 -1.03619 -0.918062 -0.764991 
2.51765 0.915588 -0.692699 -1.95869 -1.79091 -2.54737 -2.78756 -0.568197 -2.19468 -1.72212 1.19353 -0.267803 0.181134 0.789718 1.07475 -2.07417 -1.00252 0.920687 -0.101634 0.361302 2.07194 0.799227 -1.33652 -1.02784 1.28406 
3.0896 0.226976 0.197771 0.186625 2.09928 -1.78453 0.0501381 0.31094 -1.65074 -0.0197701 1.199 -1.69328 -3.81122 -4.08228 -5.88633 -3.96521 -3.36265 -2.17994 -2.63383 -2.16338 -0.228345 -1.39241 -1.92462 -0.430824 -1.76059 
3.18821 -1.10653 -0.245167 -1.96795 -2.48871 -0.657246 0.155948 0.442575 0.132439 1.82667 2.50439 0.878424 -0.740657 -1.00499 0.704584 2.1688 -0.940601 -0.217143 0.297859 0.641955 -0.0887197 0.190114 0.34405 0.516084 -4.80406 
-1.49722 -2.72777 -1.99127 -3.31194 -5.2706 -2.63686 -1.38672 0.820943 -0.45625 -0.80933 1.9036 0.205286 1.70536 2.19822 1.92383 -4.87949 -2.81434 -1.41536 -0.967488 -3.33518 -0.948324 0.452549 -0.210793 0.224814 1.34059 
-1.93205 -0.158771 0.362846 -0.2075 -0.0280324 0.0969643 -1.50457 -0.94414 -0.0896881 1.26261 -0.20738 -0.692244 -1.70734 0.223869 1.46869 -0.50414 -0.0970358 0.306167 0.117169 3.30316 3.20328 2.99438 2.54807 2.23306 7.03884 
0.89503 0.239345 0.878365 0.956564 0.950688 -1.26554 -2.04795 -1.70974 -1.94556 -2.81332 0.47134 0.481598 0.79426 -1.10407 -2.09933 0.709927 -0.301781 1.05595 1.09627 1.47867 -3.24048 -1.51514 -1.94102 -0.904684 -1.61927 
-1.00511 -0.473776 0.32541 -0.152448 -0.630127 0.893952 -0.768666 0.550579 0.850321 -0.698685 0.104897 -0.982484 -0.418227 -0.542143 -0.135705 0.415207 0.432678 0.224007 -0.563317 0.382911 0.189952 -0.968075 -0.966048 -0.737474 0.490857 
1.70658 0.907917 0.166627 -2.35838 -3.46075 -1.95942 0.945736 1.9552 2.26468 1.79196 0.421962 -0.690903 -0.905479 -1.17489 -1.18438 -1.25028 -1.25173 -0.352798 0.197134 -0.055535 -0.980955 -2.31339 -0.403625 0.361334 2.85346 
-1.41666 -1.77247 -1.58382 -1.80129 -0.8276 1.36057 1.17738 0.381442 -0.0709563 -0.961595 -1.17078 0.364399 -0.236696 -0.342402 0.851938 2.32857 0.815252 -0.920978 -1.32283 -1.94839 1.19325 0.965315 -0.481365 -1.08536 -1.10812 
-0.825096 -0.837502 0.00775957 -0.992167 0.058811 0.570841 -0.113357 0.203676 0.333469 0.266644 -1.00366 -0.662994 0.290597 -0.35939 -0.905438 -0.72959 0.837302 -0.558378 -0.2402 0.171584 -0.740416 -1.08226 0.169313 0.223994 0.047914 
-0.474674 0.258713 0.561037 0.0740607 0.0209402 1.84702 1.73612 1.43995 0.767582 1.40177 0.834036 -0.176129 -0.312478 1.16535 1.29421 1.11184 -0.514796 -1.25658 -0.686687 -0.891907 -0.480761 0.596048 0.52317 -1.22168 -0.788699 
0.084768 -0.187298 -0.746821 -0.0371222 0.423073 -0.940171 -0.89984 0.0408549 -0.362505 -0.934852 -0.547144 -0.834602 -0.298177 0.0225606 0.0940603 -0.061265 0.573851 0.24464 -0.277817 -0.336823 0.0476806 0.153282 -0.414863 -0.249415 -0.258211 
0.0118569 0.514527 0.697265 0.337393 -0.137321 0.072313 -0.210627 0.955344 0.207716 1.77978 2.99523 0.324299 0.490757 -0.513151 -1.50893 2.21188 1.88128 1.0187 1.61952 -0.389839 -2.12262 -2.60667 -0.645793 -2.05752 3.58887 
-0.47428 0.875281 -0.0128846 -0.777383 -0.187394 0.395102 -0.135893 -0.792182 0.525699 -0.805977 -0.118293 -0.311019 -0.405911 0.515218 -0.323041 -0.340167 -0.891249 0.142419 -0.0354335 -0.603991 -0.881603 0.817012 0.58086 -0.176234 -0.432977 
-4.14867 -0.759464 0.635989 0.161202 -0.25472 0.0801713 -0.284429 1.36128 1.58669 2.38724 -0.684559 -0.65722 -1.6588 2.84777 5.87386 1.78716 0.775563 -0.0768923 -2.6244 -2.92043 0.101113 1.14456 1.56507 4.83126 5.09711 
2.85656 0.888256 0.199895 -1.00849 -2.33337 1.65446 0.65067 0.550705 0.952591 1.89813 3.67043 1.21016 2.48104 1.11507 1.72404 1.52452 0.826713 0.503016 -0.156295 -1.80093 -1.29312 -0.300094 -2.03788 -1.9271 2.28003 
3.68381 2.23521 1.21105 0.531113 0.466924 -0.470341 -0.565581 -0.784341 0.815414 2.18324 1.68157 1.88003 1.67024 1.02827 -2.08143 -1.51319 -0.875634 -0.570508 -1.09269 -2.16604 2.82807 0.521638 -0.395365 2.11478 -1.10058 
4.33284 -0.0422669 -1.60532 -3.15466 -4.10334 0.317323 1.64513 2.77406 2.38815 1.07589 -2.5428 -2.86563 -1.50581 -2.56855 -2.91551 0.657972 0.672814 -0.13011 -0.0506651 -0.579548 -0.00377077 -0.103754 -1.11435 -0.799986 0.665705 
-1.10701 -1.65453 -1.30503 -0.469812 1.80785 2.72823 -0.466769 -0.396421 -0.469965 0.698214 0.684606 -0.0234946 -0.493988 -1.0439 -1.30431 2.78505 1.4846 1.36616 2.08737 4.62123 -0.103661 -2.55336 -2.72547 -1.71862 -2.66251 
-0.523742 0.255538 0.655471 -0.394169 -0.728766 0.193712 -0.998872 0.832028 -0.245088 0.0245383 -0.311719 -0.471894 -0.418016 0.667296 -0.751219 0.26884 -0.903324 -0.0851511 -0.248644 -0.693362 0.419372 0.230731 -1.08548 0.451536 -0.0559735 
-0.487183 -0.20444 -0.381633 0.00815266 0.419808 0.677251 -0.543883 -0.0784896 -0.261812 -0.90929 -0.876925 -0.623374 0.100196 0.627523 -0.192937 0.616597 -0.482734 -0.714775 -0.373652 0.765271 -0.037131 -0.523899 -0.409385 -0.162978 0.381312 
1.04201 -0.820099 -1.03013 -0.491086 1.24563 -0.182923 -1.10728 -0.879471 0.418438 1.61498 2.34934 0.615692 1.09813 0.140154 -0.265111 -4.79317 -1.71744 -1.50176 -1.06639 2.39229 2.61469 -0.397911 -0.465234 1.31514 3.08722 
1.65667 1.14917 1.11926 1.44 0.501902 1.23752 0.605285 1.54981 0.148427 0.922498 0.334718 1.47331 1.59807 1.24461 -0.132076 0.59905 0.585071 0.690616 0.250785 0.22091 2.12763 2.45189 1.38478 0.626381 -0.817813 
2.03119 -0.0139435 0.131142 1.37226 1.19039 0.293596 1.10736 0.671714 -0.0556158 0.259367 0.824887 0.248465 0.0945815 0.427265 1.13229 1.13989 -0.323716 -1.31089 -0.717153 -0.554059 -1.81342 0.471473 0.80803 0.00523954 0.921305 
0.733576 1.06616 0.549798 0.567529 1.94301 1.56185 0.847841 -0.293582 0.46332 -0.29521 1.32244 1.44954 0.351296 0.756255 1.21153 2.57966 0.983674 1.91542 1.1036 1.95977 0.900889 1.48357 2.41427 0.7476 0.444032 
-1.0469 0.345707 -1.18432 0.410471 -0.487746 -0.0364176 -0.66948 -0.521025 0.998456 0.55378 0.582282 0.198881 0.211322 -0.611675 0.811318 0.00976785 -0.57675 -0.295789 -0.247098 0.717822 -0.995147 -1.26247 -0.0348571 -0.141885 -0.957256 
0.290752 -1.00261 -0.487007 -1.62829 -1.88273 0.739455 0.128996 -0.280726 -0.000936319 0.187947 -0.469158 -1.2788 -1.32617 -0.318135 1.04345 2.37736 3.16644 2.32944 1.64372 -0.385589 -0.978206 0.00720112 0.757286 1.58491 2.03196 
0.156568 -0.668892 -1.57666 -2.34431 0.643222 4.72402 0.158743 -1.92592 -1.87967 -1.51875 -0.794121 -0.211232 -1.55584 -0.652764 -1.28551 -1.95751 -2.1506 -2.4326 -4.58759 -4.94466 -0.808007 -0.801601 -0.710746 2.03696 4.44914 
0.199162 1.69289 1.22875 2.3292 1.2723 1.44279 0.733268 -0.0158106 -0.814549 0.984509 1.31675 1.55399 0.883172 0.409519 0.837048 1.39159 1.87612 0.845863 2.30944 1.77745 1.52392 2.23722 1.95779 1.1108 1.71028 
2.1501 2.01853 1.22035 1.73563 2.21843 1.1948 0.994504 1.19067 0.311176 0.788525 1.98104 0.131356 -0.367592 0.00354814 -0.335289 0.577661 0.267417 0.0812807 -1.20918 0.689953 -0.579446 -0.856233 -0.643027 -1.10922 1.04491 
-0.748156 -0.252676 -0.733413 -0.476275 -0.747938 -0.594365 0.50105 -0.8581 -0.0821725 0.926487 -0.530648 -0.604964 0.367892 -0.837347 0.708473 -0.694875 -0.759647 0.618248 0.888385 -0.908959 -0.879475 0.659444 -0.717641 0.602336 -0.545023 
1.64262 0.139666 0.0551418 -0.482965 2.48467 0.288399 -2.0672 -2.7743 -1.9094 0.321402 3.19964 2.28373 1.73179 -0.250461 -0.711289 -3.64618 -2.59101 -2.2833 -2.11641 0.521638 -0.0886254 -0.667186 -2.88059 -0.833596 2.09844 
0.229358 0.146873 -0.175556 -0.679833 -0.0623969 0.164983 0.164402 -0.59101 -1.04581 0.885198 -0.619681 0.254552 0.0936639 -0.275064 -0.788765 -0.131337 -0.754245 0.131575 0.038683 -0.0810242 0.729801 -0.866775 -0.291142 -0.812821 -0.421953 
/ 
50 50 relu 
0.932779 0.505307 0.546727 1.67006 0.657994 1.68044 0.679592 -2.1757 2.34702 -1.06164 2.08623 -1.82608 1.55533 1.30938 -1.36318 -0.0663718 2.88013 -0.772768 0.848876 0.293619 1.64006 2.55777 1.26305 0.394581 -0.483423 -0.717249 0.47949 -0.462574 -0.373162 -0.711526 0.626296 2.07335 2.49268 1.7486 0.467213 0.630276 0.154387 0.270566 -0.957201 -1.32756 0.882614 -0.721338 -0.0444744 -0.593045 -1.00677 -2.11493 0.707065 -0.723996 0.176133 -0.186981 
0.81888 0.557951 0.131276 1.65068 -0.389821 1.64627 1 -2.10004 2.399 -1.15215 2.13355 -1.80782 1.50577 1.31477 -1.54723 -0.0884673 2.8016 -0.703557 0.858434 0.217968 1.78807 2.60289 1.28936 -0.688933 -0.311063 -0.697944 -0.508589 -0.384081 -0.317338 -0.227344 -0.86134 2.06751 2.19467 1.69443 0.0906409 0.663017 0.32396 -0.200531 -0.878324 -0.623879 0.718311 -0.700243 0.654576 -0.659815 -1.04951 -2.52833 0.61208 -0.313021 0.260406 -0.621605 
0.657971 0.896956 -0.101765 1.55243 -0.205031 1.66707 -0.247446 -2.1139 2.41679 -1.20647 1.88101 -1.71598 1.59503 1.26095 -1.59757 -0.248217 2.79965 -0.883065 0.936829 0.186148 1.91448 2.56249 1.23774 -0.732209 -0.287405 -1.2632 -0.109974 -0.0186013 -0.100912 -0.00239134 0.994513 2.04029 1.93649 1.61564 -0.167175 0.576742 0.312853 0.951884 -0.671815 -0.852745 0.491015 -0.762758 0.749166 -0.708502 -0.2602 -2.21042 0.710114 0.898788 0.260165 -0.421171 
0.832706 0.992361 0.479426 1.51363 -0.170456 1.69984 0.628449 -2.22623 2.32693 -0.97875 1.95764 -1.47456 1.8155 1.40664 -1.57127 -0.223843 2.61105 -0.802906 0.849812 0.475718 2.09431 2.66303 1.17002 -0.0433821 -0.291224 -1.22369 0.739862 -0.762438 -0.681154 0.055342 0.883967 1.94567 1.95982 1.20274 -0.329212 0.567296 -0.669005 -0.768474 -0.480202 -0.538182 1.44487 -1.79198 -0.782716 -0.842506 -0.0367681 -1.58156 0.564316 0.0948025 0.0382805 0.00776572 
0.853247 1.09856 0.108461 1.46625 -0.0129032 1.60716 -0.335375 -2.28169 2.42477 -1.1233 2.15204 -1.35944 1.76903 1.28532 -1.61466 0.0295832 2.43523 -0.77286 0.866077 0.466805 2.0863 2.69121 1.19873 0.0684364 -0.272406 -1.40077 -0.192239 -0.361418 -0.457675 0.129346 -0.628399 1.87335 1.83384 1.34734 -0.374019 0.520823 -0.630672 -0.0927968 -0.368182 -0.955003 1.52835 -1.53034 -0.749685 -0.92167 0.218068 -1.51907 0.471773 -0.33286 0.0356124 -0.257204 
0.825284 1.00706 -0.60454 1.42088 0.226961 1.62146 -0.329794 -2.44898 2.34866 -0.999953 1.83261 -1.33656 1.81236 1.46055 -1.59237 -0.108951 2.37622 -0.690095 0.850316 0.429736 2.22539 2.75903 1.13783 -0.752374 -0.655234 -0.707046 0.569338 -0.898045 -0.784124 0.332355 -0.124799 1.84368 1.73688 1.11259 0.0560056 0.530361 0.341064 0.128145 0.0672815 0.0450333 1.32527 -1.45304 -0.394886 -0.882482 0.596928 -2.23979 0.65206 0.491044 0.126043 0.559242 
0.86152 1.35062 -0.41997 1.19288 -0.590791 1.61179 0.00671518 -2.47552 2.44738 -1.05612 2.10706 -1.2607 1.95275 1.33755 -1.7199 -0.093129 2.31135 -0.448618 0.88485 0.12342 2.28331 2.82604 1.05058 -0.596439 -0.303579 -1.23975 0.79496 -0.731353 -0.81979 0.621854 0.544691 1.88418 1.53801 1.03078 -0.398444 0.503952 -0.459436 -0.0165093 0.151196 -0.0042118 1.55496 -1.32385 0.666049 -1.00583 0.746283 -2.38619 0.639271 0.821706 0.015225 -0.161505 
0.864742 1.29324 -0.589113 1.1495 -0.250886 1.51454 0.613403 -2.49545 2.34095 -1.1303 1.91527 -1.20038 2.19935 1.36917 -1.61486 0.274723 2.08919 -0.562942 0.956496 0.418373 2.59501 2.78036 1.09165 -0.172371 -0.458603 -1.21816 -0.568481 -0.579972 -0.16272 0.292211 -0.31039 1.88718 1.68221 1.11787 -0.0561975 0.409555 -0.955597 0.961219 0.297562 -0.392598 0.504451 -0.988396 -0.785629 -1.02165 0.997472 -2.36449 1.234 -0.853923 0.00362249 -0.205804 
1.02337 1.40955 -0.419365 0.964024 0.931633 1.56769 0.179272 -2.49858 2.32036 -1.15269 1.94343 -1.12935 2.29663 1.36942 -1.65814 0.172172 2.07067 -0.30711 0.958085 0.343901 2.43339 2.73069 1.01264 -0.845343 -0.311279 -1.61151 -0.800587 -0.659521 -0.728118 0.427414 -0.12281 1.88661 1.6707 0.956387 -0.251836 0.300325 0.603509 0.97338 0.424784 -0.338791 0.875355 -1.57956 0.0142396 -0.951073 1.1795 -1.93919 1.18437 -0.654146 -0.193864 -0.220241 
1.07346 1.56903 0.0522714 0.750557 0.828891 1.62558 0.928393 -2.4484 2.22839 -1.13866 1.81164 -1.09453 2.43204 1.3806 -1.7035 0.371281 1.98903 -0.158953 1.03342 0.290254 2.55782 2.6462 0.942927 0.622576 -0.340325 -2.06094 0.0973117 -0.662232 0.156574 0.636621 0.365644 1.89515 1.53381 0.824695 -0.101527 0.183435 0.957354 0.984017 0.59952 -0.221897 0.891139 -1.69694 0.466068 -0.893266 1.2326 -1.88822 1.24262 -0.672127 -0.392158 -0.582884 
1.12364 1.6785 0.223293 0.572073 -0.637535 1.60169 0.522879 -2.33309 2.09772 -1.19073 1.51341 -1.04094 2.64619 1.37869 -1.68495 0.427135 1.92708 -0.160749 1.13135 0.300578 2.50749 2.50763 0.870216 -0.148111 -0.221895 -1.69249 0.389713 -0.464189 0.121348 0.559451 0.177807 1.88774 1.52908 0.85423 -0.177952 0.0276859 -0.998399 0.326686 0.717384 -0.605127 0.289669 -1.43048 0.33568 -0.822831 1.54414 -1.79783 1.613 -0.989637 -0.475445 -0.856828 
1.25374 1.75296 -0.370125 0.364871 -0.402419 1.69384 -0.408285 -2.26988 2.03764 -1.22952 1.53549 -1.02808 2.77448 1.37189 -1.76701 0.591252 1.83862 0.0160193 1.09096 0.411743 2.66992 2.31607 0.79594 -0.687031 -0.503877 -1.53739 0.55586 -0.282114 0.564582 0.811006 -0.15833 1.89606 1.43638 0.787644 0.481377 -0.136545 0.562194 -0.633326 0.884791 -0.661593 0.617328 -2.40002 -0.197566 -0.6247 1.51795 -0.899282 1.37286 0.891926 -0.325631 -0.225481 
1.30416 1.81019 -1.32576 0.172349 -0.729044 1.66935 -0.913018 -2.09444 1.83194 -1.20804 1.3003 -1.07301 2.90097 1.38662 -1.74333 0.716439 1.77502 0.0422783 1.1959 0.440071 2.54552 2.16824 0.69358 0.94565 -0.357599 -1.51853 0.647813 -0.212725 -0.088882 0.968394 0.189266 1.91467 1.29325 0.830304 0.485918 -0.318238 0.252456 -0.770093 1.06513 -0.67675 -0.101937 -1.63314 -0.108071 -0.492484 1.64528 -1.49598 1.74044 0.197559 -0.0513485 -0.824728 
1.53725 1.84454 -1.30066 -0.0392573 0.621826 1.73047 0.430921 -1.9111 1.66225 -1.27343 0.863585 -1.07795 2.83817 1.35312 -1.73772 0.653552 1.86875 0.219586 1.17401 0.520079 2.3791 1.91532 0.484062 0.461876 -0.641458 -1.30854 0.0901669 -0.13023 0.301262 0.960206 -0.940197 1.96407 1.35754 0.840645 0.969474 -0.574983 0.539596 -0.831443 1.22872 -1.24788 -0.360444 -1.86536 0.438277 -0.197117 1.85153 -0.969033 2.06742 -0.442873 -0.201883 0.427602 
1.51055 1.92859 -0.838403 -0.168884 0.155065 1.65763 -0.298063 -1.77235 1.57408 -1.19137 0.839076 -1.1147 2.93486 1.46082 -1.75929 1.03351 1.76015 0.0636251 1.38678 0.515423 2.56212 1.73478 0.47514 -0.656167 -0.294231 -1.42814 0.374128 -0.100173 -0.409726 1.11255 -0.949896 1.97371 1.12216 0.878015 0.937513 -0.705885 -0.936462 0.187364 1.34169 -1.09907 -0.62854 -1.25844 -0.0304146 -0.174333 1.8176 -1.38247 2.00908 -0.869545 -0.301632 0.567877 
1.51533 1.78047 -1.00209 -0.321607 0.281904 1.66072 -0.306818 -1.63623 1.5953 -1.25211 0.86784 -1.16949 2.82877 1.48524 -1.86726 1.1816 1.81675 0.131405 1.46972 0.616754 2.55277 1.45383 0.358859 0.156461 -0.108398 -0.887526 -0.758459 0.2178 -0.0904918 1.34892 0.0959713 1.96763 0.883212 0.888982 1.01725 -0.924459 0.178355 -0.897653 1.50322 -0.953979 -0.529866 -1.4078 -0.299973 0.0273086 1.92391 -1.13196 1.67483 -0.656542 -0.219694 0.927434 
1.76487 1.89121 -1.0871 -0.497191 0.352548 1.59525 -0.151372 -1.46787 1.45424 -1.25093 0.595038 -1.18322 2.66574 1.45916 -1.82 1.36629 1.80891 0.159889 1.46544 0.604717 2.19195 1.26154 0.269433 0.0920856 -0.532243 -0.678738 0.280781 0.290546 0.0428637 1.41493 0.0297214 1.95232 0.844789 1.053 1.86254 -1.12395 0.263193 -0.607765 1.62293 -1.58994 -0.40451 -1.07299 0.33007 0.266099 2.02176 -1.05488 1.71676 -0.531978 -0.392381 0.08041 
1.79614 1.7546 -0.919078 -0.645107 -0.578144 1.54092 -0.285676 -1.32375 1.43755 -1.30903 0.643014 -1.24354 2.68 1.5579 -1.84118 1.43529 1.94559 0.174 1.53291 0.798619 2.37446 0.958707 0.228516 0.604801 -0.223428 -1.24991 0.114047 0.506077 -0.941265 1.38297 0.15993 1.99131 0.824512 1.0028 1.80292 -1.3202 0.375954 -0.751928 1.63829 -1.57093 -0.573095 -1.66627 -0.214051 0.466531 2.076 -0.333093 1.60818 0.756422 -0.475586 -0.216202 
1.98506 1.79649 -1.3367 -0.829741 0.620326 1.47202 0.961872 -1.07515 1.30376 -1.2333 0.52071 -1.27728 2.51724 1.6286 -1.86663 1.84341 1.83678 0.143551 1.64727 0.910716 1.96849 0.748374 0.204366 -0.604948 0.0333561 -0.967625 -0.429326 0.494843 -0.931044 1.7486 -0.536156 1.96704 0.563273 1.07689 1.80699 -1.56879 -0.419374 0.348963 1.64359 -1.75294 -0.0832698 -1.28037 -0.270781 0.641292 1.93908 -0.490823 1.31444 0.935335 -0.473589 0.793356 
2.10043 1.38228 -1.53917 -0.895997 -0.315318 1.38561 0.0201485 -0.889533 1.0873 -1.16863 0.105361 -1.2591 2.40265 1.79783 -1.751 1.95244 1.87795 0.105816 1.66971 1.19861 1.9601 0.597024 0.302433 -0.502882 -0.120302 -0.546549 -0.208773 0.32844 0.753894 1.6937 0.845061 1.82306 0.596938 1.092 2.3179 -1.76697 0.0358581 0.647413 1.67053 -1.61574 -0.0479958 -0.969564 -1.051 0.871575 2.10511 -0.744147 1.27208 0.0317514 -0.590844 0.113856 
2.11397 1.09018 -1.83864 -0.990174 0.0473014 1.30722 0.254738 -0.587429 1.02594 -1.28391 0.114794 -1.31517 2.06973 1.87412 -1.78378 2.07498 2.00175 0.145789 1.73551 1.25111 1.82129 0.326152 0.333103 -0.825568 0.26907 -1.07405 -0.145494 0.585134 -0.330361 1.83219 0.0149694 1.77043 0.534561 1.09797 2.10117 -1.97564 -0.178442 -0.0379419 1.49912 -1.48414 -0.0666954 -1.12607 -0.163051 1.12143 2.10441 -0.487901 1.0586 0.486283 -0.603024 -0.283746 
2.21227 1.0202 -0.654395 -1.12232 -0.687559 1.12608 0.570988 -0.318476 0.889826 -1.1745 0.127665 -1.26959 1.9514 1.93041 -1.76792 2.12045 2.14745 0.077813 1.73665 1.2861 2.10637 0.204251 0.352389 0.995809 0.45619 -0.918186 -0.432813 0.506184 -0.465176 1.90481 0.628585 1.68526 0.437056 1.16673 2.18353 -2.0736 0.161428 0.360115 1.38129 -1.76644 0.257019 -0.445081 -1.24569 1.21339 2.14929 -0.829551 0.940151 -0.807985 -0.998592 -0.742154 
2.15032 0.618465 -1.05789 -1.05361 0.373263 0.973607 0.347207 -0.0292166 0.827352 -1.3624 0.127175 -1.36223 1.48408 1.99792 -1.75056 2.56871 2.18991 -0.116247 1.75924 1.29932 1.87383 -0.0372152 0.500118 0.870361 0.273909 -0.54841 -0.162843 0.877842 -0.699839 1.86184 0.193887 1.61809 0.506366 1.38466 2.77163 -2.20751 0.106819 -0.206374 1.21296 -1.86863 -0.308253 -0.181177 -0.435195 1.48032 2.1297 -0.792908 0.925589 -0.765052 -0.973884 -0.874571 
2.29369 -0.0330484 -1.03297 -1.0225 -0.265159 0.740675 0.68373 0.244169 0.5943 -1.25874 -0.122778 -1.29529 1.27372 2.22364 -1.52812 2.47009 2.24207 -0.0397543 1.78542 1.52708 1.66438 -0.161374 0.635977 -0.668133 0.482613 -0.0805313 -0.75351 0.438661 -0.918062 1.7573 -0.619924 1.38429 0.68698 1.32588 2.60966 -2.30691 -0.0386054 -0.546291 1.00498 -1.32523 -0.371668 -0.0820783 -1.00917 1.66269 2.28067 -1.05723 0.862188 -0.631575 -1.08127 0.775974 
2.30335 -0.126516 -0.802767 -1.08493 0.892998 0.587178 -0.280619 0.597735 0.57433 -1.36015 0.2056 -1.26719 1.01218 2.21614 -1.53471 2.66603 2.3503 0.0462235 1.7732 1.29617 1.43842 -0.298865 0.685294 -0.740063 0.706966 -0.33507 -0.211145 0.744596 0.260142 2.09294 0.880038 1.21901 0.573001 1.29547 2.58374 -2.38574 -0.209299 0.344641 0.646655 -1.26873 0.150953 -0.21751 0.0861597 1.7438 2.02791 -0.802097 0.371415 -0.824161 -1.03215 0.151788 
2.31896 -0.527291 -0.726962 -0.993801 -0.0134293 0.29508 -0.980871 0.768395 0.515695 -1.32974 0.0502091 -1.18847 0.858322 2.37153 -1.38448 2.745 2.39881 -0.0951225 1.77276 1.36495 1.74736 -0.431398 0.765074 -0.57439 0.744299 0.292632 0.207942 0.622231 0.160269 1.81558 -0.883686 1.02989 0.798482 1.26703 2.69319 -2.34669 -0.401716 0.847263 0.454456 -1.15979 0.0553243 -0.583602 -1.04784 1.8517 2.10788 -0.331237 0.272936 -0.0194559 -1.03868 -0.424542 
2.34629 -0.799064 -0.940795 -0.993249 -0.834147 -0.0188203 -0.691136 1.07716 0.382082 -1.29585 -0.00385487 -1.05781 0.634765 2.39773 -1.17664 2.85162 2.35649 -0.112107 1.89415 1.36092 1.58677 -0.466136 1.02424 0.0752762 1.03045 -0.36394 0.629787 0.774628 0.92143 1.9122 0.378801 0.668329 0.768271 1.26005 2.51854 -2.35968 0.0522134 -0.632311 0.0863434 -1.02918 0.418324 -0.288523 -1.20753 1.83681 2.00304 -0.418716 -0.16455 -0.87772 -0.929141 -0.252828 
2.31416 -1.12338 0.0446921 -0.912623 0.827885 -0.327321 -0.903435 1.37758 0.167424 -1.35205 -0.221721 -1.00187 0.479986 2.4737 -0.893855 2.9311 2.50992 -0.279174 1.89009 1.29283 1.48162 -0.504116 1.13244 -0.369238 0.823506 0.398341 0.247402 0.794932 -0.17684 1.56393 -0.0512616 0.438535 1.07235 1.24645 2.91649 -2.33339 -0.513152 -0.0898033 -0.169614 -1.25893 -0.401261 0.482311 -1.38672 1.85019 2.08998 -0.758969 0.293519 -0.558722 -1.04477 -0.708219 
2.31753 -1.13121 0.162609 -0.982623 0.581924 -0.588308 -0.201881 1.57074 0.277074 -1.48407 -0.16825 -0.922385 0.396013 2.41321 -0.804604 2.94865 2.57736 -0.182402 1.98442 1.03336 1.37221 -0.60953 1.15824 0.0351409 1.28674 0.470778 -0.370633 1.24271 -0.962201 1.62603 -0.54181 0.23512 1.13749 1.081 2.3457 -2.2775 -0.763764 -0.226261 -0.527272 -1.41828 0.0626144 -0.525778 -0.985189 1.81888 1.93737 0.462626 -0.154973 0.744762 -0.882201 0.848562 
2.20872 -1.54226 -0.415443 -0.863406 0.30315 -0.922827 0.410439 1.56406 0.223968 -1.36933 -0.19789 -0.836 0.204851 2.51309 -0.483071 2.91828 2.54413 -0.149155 2.01829 0.802974 1.34032 -0.45354 1.30987 -0.632622 1.20172 0.413849 0.134705 0.893104 -0.315779 1.44116 -0.0302005 -0.0847052 1.27452 0.816293 2.62169 -2.07147 -0.720492 -0.877556 -0.592553 -0.481662 0.00921534 -0.0116524 -0.302112 1.69765 2.0335 -0.371742 -0.20957 0.624007 -0.575463 -0.780942 
2.26412 -1.53829 0.0237181 -0.910276 0.0737383 -1.15916 -0.633597 1.77515 0.0797306 -1.32234 -0.239411 -0.721215 0.206164 2.45279 -0.199978 2.93711 2.57511 -0.073627 2.0871 0.789278 1.27603 -0.35444 1.3916 -0.108365 1.29206 0.0796086 0.434965 0.929972 0.916723 1.48856 0.231234 -0.348185 1.33479 0.624937 2.53558 -2.03995 -0.231867 -0.625759 -0.874086 -0.652551 0.240383 0.307036 -0.965155 1.53367 1.78456 -0.448355 -0.233715 0.22963 -0.472859 -0.679018 
2.20995 -1.6534 0.277683 -0.88889 0.252989 -1.36208 0.379988 1.79198 0.11499 -1.36856 -0.251261 -0.593127 0.148733 2.44907 0.0269866 2.91926 2.56484 0.0482346 2.12723 0.546142 0.800175 -0.348184 1.36671 -0.920779 1.6571 0.088014 0.635117 0.947567 -0.391888 1.18158 -0.670418 -0.546648 1.57089 0.222268 1.9287 -1.899 0.0629923 0.858213 -1.07024 -0.540357 0.535772 -0.521605 0.0377924 1.42738 1.79719 0.412382 -0.294538 -0.548603 -0.313765 -0.801334 
2.12495 -1.75322 0.755124 -0.928861 -0.563469 -1.51156 -0.00931068 1.8533 0.0706785 -1.37487 -0.715358 -0.423927 0.0324749 2.25751 0.200234 2.93719 2.55099 0.12586 2.17905 0.400923 0.76063 -0.318426 1.32399 0.772692 1.73892 0.541846 -0.973533 1.20112 -0.526069 1.02918 -0.49542 -0.761931 1.54653 0.0992412 1.70948 -1.79451 0.511892 -0.944195 -1.16213 -0.945413 0.838313 -0.260455 0.0852388 1.35447 1.80447 0.575552 -0.314758 0.37919 -0.270365 -0.437733 
2.03189 -1.75217 0.691253 -0.99468 -0.670963 -1.74661 -0.615981 1.73958 0.0841377 -1.19307 -0.508071 -0.275423 0.199346 2.2557 0.508396 2.98634 2.45181 0.352403 2.21628 0.377389 0.790761 -0.0977342 1.19007 0.198943 1.84018 0.487754 0.963824 0.898672 -0.694433 1.09284 -0.129918 -0.998882 1.51382 -0.405212 1.57056 -1.59975 0.0750897 -0.553929 -1.1937 -0.22596 1.31696 -0.434868 -1.09559 1.03045 1.59525 0.409525 -0.462992 -0.0242175 0.152387 0.546121 
1.87673 -1.75977 0.855381 -1.05445 -0.60808 -1.88972 -0.503091 1.72061 0.0902202 -1.16481 -0.67797 -0.0952424 0.242215 2.01049 0.693285 2.85034 2.42201 0.52685 2.27908 0.155194 0.71266 0.00724323 1.09762 0.394958 2.05406 0.515001 -0.475767 1.13778 -0.520981 1.00314 0.539918 -1.20532 1.46006 -0.568669 1.08389 -1.44082 -0.91355 0.105565 -1.28565 -0.360423 1.50377 -0.296869 -1.03648 0.864221 1.64267 0.508307 -0.497837 -0.977977 0.327003 -0.867316 
1.65263 -1.54907 0.444385 -1.09753 -0.910223 -2.00539 -0.162632 1.70931 0.00550154 -1.09493 -0.874544 0.0214975 0.248234 1.73046 0.91479 2.86265 2.31885 0.622661 2.31679 -0.341136 0.425433 0.225956 0.912862 0.131854 1.86746 0.449146 -0.611986 1.23287 0.553563 1.02552 -0.915167 -1.36668 1.34615 -0.729426 1.18936 -1.2604 0.933448 0.485665 -1.26305 -0.401831 1.1636 0.871464 0.523662 0.650348 1.68033 -0.45109 -0.108194 0.107604 0.717761 -0.400897 
1.58329 -1.60044 0.681105 -1.10768 0.880695 -2.01149 -0.363509 1.69226 -0.0771852 -1.03135 -1.26361 0.27477 0.223614 1.50493 1.13409 2.74246 2.16093 0.865427 2.33189 -0.427206 0.213199 0.276818 0.750629 -0.00805092 1.9705 0.308295 0.12919 1.23819 -0.233078 0.766313 -0.688781 -1.5762 1.46789 -0.960197 0.755841 -1.1367 0.163703 0.798326 -1.39324 -0.623666 1.51558 0.204674 0.561561 0.557569 1.68524 0.372346 -0.127268 0.990916 0.826161 -0.284567 
1.39998 -1.64872 1.12516 -1.1852 -0.349336 -2.07644 0.111465 1.66056 -0.102199 -0.943127 -1.3316 0.407176 0.0876409 1.22267 1.27336 2.73616 2.09363 1.04007 2.35935 -0.428817 0.411504 0.284748 0.515362 0.441349 1.91466 0.805311 -0.93167 1.39796 -0.480243 0.741474 -0.729215 -1.64489 1.34911 -0.96616 0.646703 -0.992761 -0.981793 0.0585574 -1.37579 -0.764075 1.17825 0.326618 -0.681298 0.446779 1.65014 0.483677 -0.00363703 -0.0113557 0.979265 -0.836153 
1.29399 -1.59051 0.40112 -1.27193 -0.095957 -2.11665 -0.19604 1.56782 -0.24467 -0.692004 -1.36402 0.601799 0.313795 1.03368 1.5542 2.60432 1.90952 1.43457 2.36649 -0.5867 0.107333 0.551887 0.286981 -0.607843 1.82373 0.560872 -0.63592 1.04982 -0.994031 0.912185 -0.303978 -1.87242 1.26227 -1.33437 0.586978 -0.801841 0.297085 -0.590175 -1.38834 -0.0495531 1.36962 0.366571 -0.857664 0.168282 1.53151 0.0271931 -0.00196051 -0.107051 1.54928 -0.87983 
0.956026 -1.57502 1.2062 -1.2164 -0.909093 -2.12317 -0.870369 1.56524 -0.353987 -0.600404 -1.45033 0.783627 0.0828518 0.768168 1.70301 2.73454 1.74309 1.39631 2.3563 -1.00001 -0.220182 0.553587 0.0957672 0.47559 1.81717 0.347032 0.217458 1.08573 -0.908024 0.475521 0.512879 -1.96012 1.31563 -1.38266 0.464825 -0.58062 -0.77445 0.19923 -1.4397 -0.163452 0.623176 0.799763 0.583608 0.0491082 1.67087 -0.0550198 0.413176 0.626565 1.57289 0.0571021 
0.84089 -1.53364 1.36086 -1.31013 0.50217 -2.14166 0.918813 1.44819 -0.386817 -0.345178 -1.44234 0.948006 0.0117016 0.527482 1.80614 2.66179 1.57102 1.7089 2.36075 -1.13132 -0.112327 0.639772 -0.214416 -0.960229 1.76876 0.631709 -0.328543 0.827398 0.0426439 0.587749 -0.143501 -2.05241 1.16257 -1.53817 0.405275 -0.355228 -0.992356 -0.152263 -1.39203 0.269104 0.877463 0.451415 -0.200465 -0.110532 1.55151 0.0539422 0.232674 -0.0479593 1.79804 0.150554 
0.667476 -1.3139 1.52797 -1.45007 -0.481645 -2.19536 0.886737 1.41054 -0.366822 -0.218189 -1.26167 1.11589 0.0607143 0.102129 1.83961 2.62006 1.44261 1.96475 2.35791 -1.36943 -0.227609 0.714041 -0.509865 -0.383631 1.89765 0.702977 -0.516843 1.08719 0.116965 0.690912 0.131138 -2.10026 0.895861 -1.44525 0.111277 -0.168221 0.00261423 -0.735981 -1.44085 0.0350931 0.763305 0.870528 -0.585102 -0.332175 1.50107 -0.0729587 0.20061 0.632079 2.08254 0.141488 
0.438968 -1.38481 1.54436 -1.46207 -0.665394 -2.12559 0.956642 1.45904 -0.61109 -0.00337815 -1.62311 1.24967 -0.0912226 -0.0664176 1.96398 2.72783 1.21136 2.00948 2.41187 -1.4881 -0.533015 0.727602 -0.648572 0.816632 1.78551 0.457202 -0.791659 0.854871 -0.152302 0.528158 0.301241 -2.18519 0.907528 -1.59379 0.213357 -0.00221412 0.973692 0.390787 -1.53202 0.455652 0.127881 0.789343 -0.109353 -0.42214 1.46391 -0.0922325 0.471631 0.801703 2.29176 -0.374956 
0.303556 -1.05096 1.64497 -1.59271 -0.749723 -2.0285 -0.583171 1.32769 -0.42861 0.0892701 -1.25241 1.37649 -0.31761 -0.473502 1.74823 2.49275 1.18738 2.29431 2.24664 -1.94378 -0.495166 0.708658 -0.933154 0.621401 1.64662 0.742619 -0.140521 1.05792 -0.943641 0.682579 -0.00313031 -2.09352 0.68646 -1.56453 0.367642 0.230937 -0.993183 0.073232 -1.5264 0.292331 0.716411 -0.158321 0.613933 -0.494226 1.4709 0.844021 0.0632698 -0.283519 2.43131 0.0374106 
0.206055 -0.948305 2.0571 -1.57972 -0.0146478 -2.04844 0.0586123 1.27489 -0.560205 0.312856 -1.54806 1.47784 -0.367463 -0.708939 1.82898 2.59127 1.02502 2.1959 2.26417 -1.9094 -0.628669 0.689648 -1.16947 -0.676236 1.44191 0.874738 -0.802285 0.905437 0.29834 0.370726 -0.117671 -2.03851 0.666693 -1.39305 0.632405 0.393697 -0.896292 -0.392428 -1.48665 -0.0938423 0.0419756 0.269837 -0.288166 -0.605935 1.51156 0.798138 0.416835 0.0703226 2.46521 -0.212148 
0.0235053 -0.837763 0.991521 -1.66907 -0.628364 -1.95792 0.776231 1.12791 -0.487612 0.460613 -1.39361 1.56301 -0.629713 -1.06672 1.7002 2.60243 0.912869 2.44314 2.138 -2.19442 -0.684229 0.737665 -1.42588 -0.560388 1.2999 0.453327 0.178398 0.892841 -0.594355 0.42548 0.176563 -1.94525 0.451734 -1.43678 0.909515 0.608944 0.606433 -0.0727405 -1.40833 0.184496 0.0983175 0.0570933 0.82247 -0.691716 1.48292 0.82119 0.350094 -0.731091 2.89173 -0.693738 
-0.112565 -0.69915 1.78393 -1.68195 -0.71709 -1.97647 -0.240944 1.06982 -0.509996 0.704545 -1.00316 1.70483 -0.57985 -1.26302 1.64865 2.74022 0.716426 2.43988 2.0961 -2.24057 -0.882432 0.763132 -1.66625 -0.449913 1.5861 0.495157 -0.437703 0.678893 -0.902375 0.276809 -0.222865 -1.87786 0.27743 -1.39013 0.548826 0.781476 -0.318133 0.233791 -1.44588 0.130628 0.0782309 0.478888 -0.0532379 -0.931957 1.48158 0.597612 0.349273 0.134202 2.93212 -0.394427 
-0.311054 -0.529687 1.44914 -1.68609 -0.646076 -1.73487 0.584049 1.00048 -0.423941 0.819977 -0.840098 1.88062 -1.03237 -1.63385 1.34701 2.64939 0.674143 2.55099 1.95461 -2.58578 -0.814633 0.806214 -2.48844 0.537352 1.44723 -0.0365092 0.940204 0.807904 -0.480216 0.430877 0.544406 -1.67017 -0.0985191 -1.10196 0.842758 0.941328 0.0092494 -0.196644 -1.57633 -0.00933829 0.244756 0.647345 1.27101 -1.10033 1.43711 0.48658 0.140332 0.721657 3.28958 0.829147 
-0.430365 -0.338436 1.67375 -1.73672 -0.804864 -1.62897 0.84495 0.762394 -0.258487 0.995409 -0.685445 1.95952 -1.29666 -1.84661 1.13284 2.73669 0.623748 2.63322 1.79828 -2.69216 -0.743056 0.779791 -2.87833 0.95666 1.13114 0.271957 -0.338409 0.710758 0.458138 0.492923 -0.644681 -1.48975 -0.403986 -1.04994 1.40223 1.12881 0.0550734 0.565122 -1.37054 0.0188142 0.804539 0.280877 1.12591 -1.18202 1.42445 0.791109 -0.180393 -0.911047 3.34154 -0.103423 
-0.538282 -0.514702 0.455863 -1.64294 0.193462 -1.53326 -0.244164 0.716433 -0.292878 1.09279 -1.08267 2.00404 -1.28263 -1.99141 1.04796 2.79153 0.43037 2.58752 1.83674 -2.55447 -1.12041 0.729067 -3.16416 0.97683 1.29184 0.445776 0.985606 0.660014 0.199135 0.428499 -0.51349 -1.37283 -0.592289 -0.78863 1.1636 1.14651 0.836049 -0.657216 -1.34103 0.0593617 0.313754 0.785361 1.20097 -1.21253 1.53425 0.394172 -0.0919279 -0.0541234 3.74339 0.668752 
/ 