25 50 relu 
-2.04941 -1.32593 -1.25291 0.914643 3.88124 3.14961 0.354906 -0.203467 -0.440947 -0.0443414 -2.89451 -0.185881 1.72685 0.663604 -1.47067 -2.75594 1.38788 0.752002 -0.307936 4.89082 4.65137 1.03166 1.28071 1.71287 -7.71381 
3.27868 -0.638158 -1.59501 -0.233294 -1.49039 1.75625 -0.667259 -0.74649 0.127553 0.826873 -1.49272 0.224719 2.42258 1.61034 -3.39633 -0.65187 0.439748 0.118049 -1.00607 2.17378 5.26821 1.81717 -0.0296496 -2.3378 -5.53312 
0.524239 0.332468 1.32631 1.25882 -1.58412 -5.05754 -1.55002 -0.206309 1.86 3.97014 2.52424 1.02026 -0.313268 -2.04636 -1.04653 -6.09104 -2.63222 -0.681026 -0.226753 1.83734 -2.8463 -3.54275 -2.01639 -2.79218 1.04663 
-3.97491 -1.27737 0.417983 1.80466 2.85457 0.891749 0.602634 1.76165 1.37205 1.85244 -0.221178 -0.91832 -1.18125 -1.18693 0.246424 -0.909425 0.505975 1.4234 2.48276 -0.100194 -4.57042 -0.312384 -0.203378 0.909332 0.0187817 
-0.773123 0.0682101 0.529126 -1.02166 -0.0427852 -0.297268 0.601468 0.178476 -0.209383 0.465322 -0.033974 0.434223 -0.903896 -0.784122 0.22337 -0.762232 -0.820958 -0.446902 -0.989391 -0.166779 -0.943696 0.41323 0.855275 -0.558921 -0.700583 
1.10089 0.176825 -0.366538 -0.0637094 0.902499 2.67991 0.515735 0.342833 -1.83928 -2.59617 0.339497 2.58957 1.1046 -1.16251 -2.68594 -0.885548 1.93066 1.81945 -0.00232019 3.03223 2.69845 0.868714 1.57948 1.94947 -12.0986 
-0.361501 0.258538 -0.746576 0.302507 0.243268 0.606146 -0.504316 -0.0471364 -0.221372 -0.593499 -0.94325 0.803347 -0.147005 -0.715958 0.894974 -0.179374 -0.737623 0.771297 -0.815653 -0.675603 -0.857873 -0.269322 -0.493885 -0.729781 0.566306 
-0.402401 0.425039 -0.266327 0.00647645 0.26712 -0.0174396 -2.02673 -0.890736 1.1745 0.849711 0.841309 -1.07753 0.515312 0.302494 3.20839 -6.39742 -4.44031 -2.53144 -3.03133 1.412 6.41057 1.04576 -0.0882599 0.651326 6.64233 
2.2742 -1.15181 0.396164 0.138124 -2.12378 1.17248 2.99695 1.22948 -1.25361 -2.14775 0.310557 1.01236 0.353686 -0.876053 -2.34489 3.49117 1.42043 1.20635 2.75187 5.36193 -4.37025 -3.51451 -1.83318 -1.01053 -4.53887 
-0.378233 1.50136 1.64668 -0.0047529 -2.38674 0.0105052 1.33345 1.11671 1.21483 1.91909 -1.64335 0.773537 1.30296 1.36263 3.3792 3.65399 -0.236255 -0.328733 -2.05056 -3.10649 -2.88602 -1.07835 -0.590809 -0.695874 1.86045 
-0.365079 1.42773 1.90337 0.5597 -3.8009 1.139 2.01675 2.82966 0.178468 -5.60963 -3.74326 -2.39752 -3.44897 -3.73495 -4.25369 0.756003 1.41222 1.56359 0.866954 0.382404 -2.39778 -0.359654 -0.804992 -0.887458 1.1315 
-1.0418 -1.88082 -0.990223 -0.868151 -0.541024 -1.86903 0.903697 -0.181618 1.0604 4.75323 1.6619 -1.68148 -0.50241 3.60888 -0.783191 -2.98478 2.95247 2.50351 0.174383 -0.755109 1.0869 0.576106 -0.216158 -3.33581 3.89285 
-6.02471 -0.251201 0.438666 1.32451 2.5879 -1.4187 0.695569 0.0150607 -0.889061 -0.0849918 -0.254998 0.339763 -1.35157 -1.29935 -0.932866 6.80143 1.74709 -0.286243 -0.49806 -1.19724 -6.1077 -3.33768 -2.9442 -1.44986 -0.521461 
-4.47214 -1.1871 0.918328 0.0722794 -3.88535 -7.09303 -4.05582 -1.85023 -1.57817 0.0692225 1.59772 -0.607464 -3.18129 -3.08664 1.33311 2.76013 1.10816 -0.680398 0.22414 -1.61264 1.71656 1.34895 1.86429 0.719561 -2.74318 
-2.71974 -0.515338 0.325263 0.338303 0.729168 -3.65262 -1.13114 -0.266703 0.863049 6.05042 -1.31739 -1.31058 -1.10023 0.227336 3.29017 0.294131 0.729337 -0.553262 -2.92971 -4.94455 -4.88804 1.67154 1.22558 2.3975 6.2711 
3.98789 -0.8899 -1.61547 -1.20152 -0.540748 -5.173 -4.02041 -1.64921 -1.03572 0.469189 -0.709095 -2.50637 0.465741 2.95083 4.33189 -3.08539 -1.28841 -2.75187 -2.14832 -0.584395 -1.78378 -2.81709 -1.43632 1.18265 7.40495 
5.59942 -0.344636 0.412392 -0.356018 -1.07095 -3.55317 -4.22501 -4.09768 -3.83985 -3.12574 -3.4033 -4.0934 -3.40185 -2.56581 -1.08041 -8.93639 -4.51761 -0.725718 3.14602 8.10849 3.31034 0.357262 -2.44311 -3.23649 -1.97709 
3.00354 -0.334319 -0.445518 -0.993919 -4.63529 -3.67908 -2.02989 0.438074 -1.36941 -1.82141 2.97024 -0.268969 -0.9995 -0.49068 1.01768 -0.395192 -0.813455 -0.911595 -1.76606 0.204033 3.8371 1.67649 -0.59869 -1.63711 1.12136 
3.87289 -1.20301 -0.322418 0.817488 3.05198 -0.512271 0.446745 -1.04329 -3.40269 0.372519 2.02168 -2.41162 -4.88696 -4.28914 -5.34082 -2.66167 -2.13451 -2.29242 -3.8474 -4.103 -2.06902 -0.529599 0.248513 0.533905 -3.24709 
4.8071 -0.751761 -1.21265 -2.07804 -3.44143 -0.236289 0.700746 0.219461 0.462612 1.27414 2.22648 0.236451 -1.87636 -0.689576 2.94437 2.92817 -2.07596 -1.38763 -0.336778 2.24383 0.435686 -0.553494 -1.31897 0.77469 -3.34719 
-1.51234 -2.98999 -2.49698 -3.11264 -6.2579 -2.58811 -0.698927 1.02941 -1.24767 -2.63222 3.21621 0.862575 1.97654 2.28478 2.81689 -7.64394 -3.35427 -0.612434 -1.05149 -4.59732 -1.79304 0.160874 -0.212654 0.377154 1.52476 
-2.47786 0.323288 -0.0755748 -0.640778 1.00214 0.898982 -1.97207 -1.03407 0.292272 0.575111 0.282036 -1.05427 -1.50408 -0.10704 1.77561 -0.583653 -0.606852 -0.796961 0.141704 5.15831 4.39527 2.15296 1.55676 0.927713 7.63526 
1.3098 0.000298729 0.55082 0.811946 1.43612 -0.647159 -1.76815 -1.53247 -2.29069 -5.17976 0.911735 0.998484 0.535196 -2.16118 -3.59744 1.76835 0.291084 0.810576 0.131874 0.458657 -3.93734 -0.677299 -1.20211 -0.960903 -2.53637 
-1.00511 -0.473776 0.32541 -0.152448 -0.630127 0.893952 -0.768666 0.550579 0.850321 -0.698685 0.104897 -0.982484 -0.418227 -0.542143 -0.135705 0.415207 0.432678 0.224007 -0.563317 0.382911 0.189952 -0.968075 -0.966048 -0.737474 0.490857 
1.87536 0.686034 0.213794 -1.69628 -3.76538 -1.66479 1.79625 1.99845 1.36149 0.701761 1.04353 -1.46705 -1.5596 -1.06089 0.16583 -2.41652 -1.91493 -0.118179 0.758902 0.845489 -1.34274 -3.39804 -1.08685 0.417777 4.28019 
-2.57857 -3.18681 -3.37464 -3.16872 0.478368 2.00006 1.4736 0.301627 -0.550463 -1.10368 -1.06754 -0.0165793 -0.616793 -0.369898 1.51944 5.23723 0.471564 -3.11305 -2.91063 -1.96439 1.82141 1.51103 -0.109826 -1.50852 -2.8802 
-0.825096 -0.837502 0.00775957 -0.992167 0.058811 0.570841 -0.113357 0.203676 0.333469 0.266644 -1.00366 -0.662994 0.290597 -0.35939 -0.905438 -0.72959 0.837302 -0.558378 -0.2402 0.171584 -0.740416 -1.08226 0.169313 0.223994 0.047914 
-2.46876 0.711106 1.80014 0.534563 -0.339569 1.74567 1.30954 1.57593 0.400618 0.136633 2.40298 -0.0253129 -0.366935 1.11303 1.09634 0.83887 -1.33617 -2.73747 -2.24016 -0.0212302 0.564731 1.17503 0.684926 -0.858943 -0.93356 
0.084768 -0.187298 -0.746821 -0.0371222 0.423073 -0.940171 -0.89984 0.0408549 -0.362505 -0.934852 -0.547144 -0.834602 -0.298177 0.0225606 0.0940603 -0.061265 0.573851 0.24464 -0.277817 -0.336823 0.0476806 0.153282 -0.414863 -0.249415 -0.258211 
1.26939 1.897 1.0871 -0.997527 -2.56384 -0.427747 0.0560729 1.48529 1.47674 3.75059 2.32549 -0.265121 0.896216 0.0105446 -2.83102 2.72267 3.62806 2.23105 1.02813 -1.96409 -1.87815 -2.13909 -0.484308 -2.89378 3.80273 
-0.47428 0.875281 -0.0128846 -0.777383 -0.187394 0.395102 -0.135893 -0.792182 0.525699 -0.805977 -0.118293 -0.311019 -0.405911 0.515218 -0.323041 -0.340167 -0.891249 0.142419 -0.0354335 -0.603991 -0.881603 0.817012 0.58086 -0.176234 -0.432977 
-5.50872 0.630137 1.82136 0.140275 -1.75907 -0.0988204 0.65325 1.16291 0.871064 3.47668 -0.0563775 -1.89622 -3.59044 2.97238 8.5054 1.5774 0.0260094 -0.373395 -2.40054 -2.71592 0.722183 0.796609 1.13685 4.6117 6.46224 
3.47351 0.894918 0.0456072 -1.84084 -2.15001 1.46511 -0.804976 -1.01042 1.29441 3.37013 3.69579 0.0416988 1.99166 0.423635 0.217796 -1.48125 1.26048 2.9195 1.52561 -2.56796 -0.821212 0.125996 -2.04789 -2.20163 2.31169 
3.02257 2.13284 1.13181 0.484555 0.114524 -0.95887 -1.04641 -0.73986 1.92265 4.57182 0.466744 2.08298 2.53412 2.00106 -2.30276 -2.28995 -0.435015 0.279344 -1.04047 -3.76944 3.37328 1.79047 0.378945 2.69673 -1.36763 
4.09527 -0.629188 -2.7657 -4.37596 -5.30398 0.330717 2.33037 3.46816 3.8699 2.29777 -3.32478 -3.61658 -2.22729 -3.42799 -4.45792 -1.66762 -1.18573 -1.25154 0.154604 0.539921 -1.47805 -0.606218 -0.998069 -0.856284 0.673433 
-0.394694 -0.728946 -1.63639 -1.97393 1.74448 2.85165 -0.623553 0.676303 0.187511 -0.199142 0.165953 -0.665483 -0.215182 -0.485026 -1.34178 3.53333 2.75415 1.62421 1.21317 5.81931 -3.35578 -4.50345 -2.54903 -2.3683 -0.297608 
-0.525816 0.254238 0.654596 -0.394169 -0.728766 0.193712 -0.998872 0.832028 -0.245088 0.0245383 -0.311719 -0.471894 -0.418016 0.667296 -0.751219 0.26884 -0.903324 -0.0851511 -0.248644 -0.693362 0.419372 0.230731 -1.08548 0.45095 -0.0573263 
-0.487183 -0.20444 -0.381633 0.00815266 0.419808 0.677251 -0.543883 -0.0784896 -0.261812 -0.90929 -0.876925 -0.623374 0.100196 0.627523 -0.192937 0.616597 -0.482734 -0.714775 -0.373652 0.765271 -0.037131 -0.523899 -0.409385 -0.162978 0.381312 
2.97216 -1.395 -2.5408 -0.71198 2.38063 -0.996767 -0.828843 -0.934707 0.479281 1.33952 1.20965 0.577665 2.71629 1.8395 -1.12228 -5.8889 -1.21038 -1.11595 -1.45817 1.12389 3.75536 0.475311 -0.567743 0.574889 3.67642 
3.72959 2.61125 1.10162 0.464045 -0.561572 2.20683 1.69477 2.10712 0.572363 1.08196 0.899718 2.06017 1.41065 0.0890572 -1.69876 0.0499468 0.0614369 0.924532 1.19696 0.451092 5.11753 3.00528 1.4944 1.04754 -0.287398 
-1.03666 -1.40036 0.038802 2.06446 2.18012 -0.71916 0.775439 0.855049 0.313927 0.594278 0.826766 0.243611 1.1295 2.02693 3.90741 0.551485 -1.04515 -1.99527 -2.06697 -3.01198 -1.04223 1.59411 1.25856 1.46392 3.02349 
0.278906 0.53737 0.0958963 0.268706 1.62997 3.09286 1.70931 0.230526 0.225395 -0.194549 1.35193 1.43896 -0.44211 -0.414761 0.449636 3.6102 2.0298 2.80942 2.41431 3.33154 0.190452 0.56667 1.3823 1.06278 -0.127719 
-1.51842 -0.248375 -1.27585 0.000808755 -2.25387 -1.60997 -1.0883 -0.708948 1.00296 1.5197 1.12469 0.532716 0.523255 0.378886 2.37444 -1.11847 -1.22225 -0.581024 -0.31321 0.194099 -1.19299 -1.9705 -0.862839 -1.29096 -2.20664 
-0.101591 -0.896928 0.236623 -1.25369 -1.46385 -0.337749 0.642516 0.894388 -0.162223 -1.17416 0.110884 -1.69731 -1.6516 -0.133172 1.2355 1.57267 3.19078 1.73908 1.19311 0.870741 -1.25068 -0.160557 0.164721 1.98412 2.00521 
1.34329 -0.0661792 -1.38028 -3.60193 -1.71513 5.74259 -0.183774 -1.71531 -0.648733 -0.596161 -1.0203 0.334416 0.324354 -0.610751 -2.9389 -4.39544 -3.67542 -4.71292 -8.80688 -8.65976 0.790157 0.694009 -1.03902 0.836543 2.53767 
-0.836547 1.74941 1.36898 2.50952 1.57131 2.6363 0.716918 -0.265556 -1.02813 1.3131 1.48661 1.83797 1.2642 1.14488 0.962794 0.602404 1.93795 0.660657 2.00976 2.67465 1.98915 1.26165 1.21111 1.45578 3.20015 
1.96646 1.32274 1.32753 2.37623 3.11836 0.776439 1.31949 1.49504 0.19799 -0.292768 3.10123 0.383774 -0.527666 -0.852075 -1.14263 1.05826 0.702594 0.102129 -0.985646 1.17405 -2.72436 -1.6964 -0.276193 -1.03782 4.08783 
-0.748156 -0.252676 -0.733413 -0.476275 -0.747938 -0.594365 0.50105 -0.8581 -0.0821725 0.926487 -0.530648 -0.604964 0.367892 -0.837347 0.708473 -0.694875 -0.759647 0.618248 0.888385 -0.908959 -0.879475 0.659444 -0.717641 0.602336 -0.545023 
2.14405 -2.03766 -0.690247 -1.1028 1.72722 2.45262 -1.35853 -4.3783 -5.6698 -3.05399 4.45806 2.45705 2.85897 2.02241 1.71313 -7.14722 -5.47739 -4.60372 -3.48722 0.449141 0.371689 -0.532047 -3.02574 -1.11201 3.49192 
0.229358 0.146873 -0.175556 -0.679833 -0.0623969 0.164983 0.164402 -0.59101 -1.04581 0.885198 -0.619681 0.254552 0.0936639 -0.275064 -0.788765 -0.131337 -0.754245 0.131575 0.038683 -0.0810242 0.729801 -0.866775 -0.291142 -0.812821 -0.421953 
/ 
50 50 relu 
1.10447 1.41375 0.216506 1.00543 0.657994 1.87519 0.679592 -3.19754 3.24259 -0.0415352 2.6718 -2.13459 1.59328 1.66223 -1.97541 0.0565663 3.33503 -1.25686 0.832313 -1.07304 1.67587 3.31049 1.5769 0.394581 -0.22779 -0.983254 0.47949 -1.96663 -0.373162 -1.09814 0.626296 2.41957 2.82103 2.35955 0.338345 0.484014 0.154387 0.270566 -0.383232 -0.556438 1.93946 -0.371897 0.260813 -0.480938 -0.99525 -4.08671 1.39668 -0.723996 2.05521 -0.186981 
1.08652 1.50448 0.114371 1.09416 -0.389821 1.88559 1 -3.17214 3.19331 -0.238665 2.71189 -2.09029 1.6577 1.65159 -2.05055 0.0346774 3.2064 -1.16317 0.792652 -0.860138 1.7967 3.37663 1.63121 -0.688933 -0.281991 -1.26161 -0.508589 -1.92321 -0.317338 -0.799478 -0.86134 2.41673 2.72149 2.1419 -0.0152588 0.472962 0.32396 -0.200531 -0.249021 -0.512334 1.88473 -0.672199 0.325345 -0.584463 -0.723874 -3.87293 1.45839 -0.313021 1.96121 -0.621605 
1.04229 1.64875 0.0132944 1.10492 -0.205031 1.87278 -0.247446 -3.1031 3.15799 -0.409513 2.67007 -1.9452 1.78275 1.63945 -2.16442 0.0255585 2.99792 -1.1312 0.795649 -0.618383 1.9529 3.41468 1.6255 -0.732209 -0.42012 -1.47 -0.109974 -1.77093 -0.100912 -0.41513 0.994513 2.37359 2.50717 1.87827 -0.206931 0.393421 0.312853 0.951884 -0.0945218 -0.506615 1.75648 -1.0614 0.308204 -0.695342 -0.299946 -3.49716 1.52548 0.898788 1.81703 -0.421171 
1.1212 1.64128 0.0151584 1.12778 -0.170456 1.8939 0.628449 -3.2519 3.25368 -0.601448 2.6897 -1.87113 1.99275 1.7054 -2.17776 0.055176 2.9426 -1.19412 0.757953 -0.417576 2.10276 3.42456 1.6373 -0.0433821 -0.467869 -1.63382 0.739862 -1.67988 -0.681154 0.0416478 0.883967 2.33319 2.33601 1.4924 -0.441079 0.309247 -0.669005 -0.768474 0.0915412 -0.314925 1.74369 -1.8565 0.270786 -0.747137 -0.176563 -2.9063 1.46784 0.0948025 1.61083 0.00776572 
1.14068 1.70672 -0.0702104 1.09832 -0.0129032 1.90003 -0.335375 -3.3032 3.26853 -0.758161 2.71023 -1.80145 2.13052 1.68469 -2.20208 0.116915 2.90017 -1.1946 0.742453 -0.239711 2.23653 3.43002 1.58768 0.0684364 -0.487726 -1.86513 -0.192239 -1.54968 -0.457675 0.287462 -0.628399 2.35188 2.19218 1.35693 -0.723124 0.206971 -0.630672 -0.0927968 0.303063 -0.355066 1.62132 -2.07942 0.247237 -0.801608 0.0184034 -2.67802 1.52908 -0.33286 1.41515 -0.257204 
1.21523 1.74671 -0.144802 1.02108 0.226961 1.90947 -0.329794 -3.32848 3.22932 -0.884267 2.70207 -1.74988 2.2443 1.65319 -2.22289 0.150655 2.87122 -1.09855 0.732064 -0.0561103 2.34042 3.38162 1.50427 -0.752374 -0.534283 -2.04645 0.569338 -1.44533 -0.784124 0.52056 -0.124799 2.39715 2.05368 1.25005 -0.647187 0.109587 0.341064 0.128145 0.528747 -0.426458 1.47577 -2.25027 0.197129 -0.812563 0.30598 -2.4807 1.61211 0.491044 1.22308 0.559242 
1.31429 1.80469 -0.170464 0.929809 -0.590791 1.89841 0.00671518 -3.30169 3.17154 -1.00262 2.67724 -1.70918 2.37311 1.626 -2.24203 0.198386 2.85111 -0.98703 0.739394 0.12373 2.45441 3.31485 1.42564 -0.596439 -0.522157 -2.32417 0.79496 -1.34188 -0.81979 0.739004 0.544691 2.43444 1.93359 1.16293 -0.789906 -0.00976259 -0.459436 -0.0165093 0.715846 -0.535334 1.33523 -2.37257 0.150838 -0.814227 0.551153 -2.2889 1.6947 0.821706 0.983701 -0.161505 
1.41635 1.8745 -0.177822 0.799669 -0.250886 1.86448 0.613403 -3.17476 3.03094 -1.1311 2.66453 -1.67535 2.52777 1.59411 -2.23482 0.279689 2.83052 -0.834457 0.740492 0.314282 2.61455 3.19209 1.28553 -0.172371 -0.612175 -2.52256 -0.568481 -1.2098 -0.16272 0.848101 -0.31039 2.49727 1.87524 1.18679 -0.657811 -0.148888 -0.955597 0.961219 0.871607 -0.754043 1.10865 -2.24648 0.0256622 -0.773119 0.828945 -2.22259 1.82833 -0.853923 0.730046 -0.205804 
1.56752 1.90608 -0.216674 0.667837 0.931633 1.86315 0.179272 -3.07745 2.9071 -1.24469 2.6168 -1.64082 2.71306 1.60192 -2.23411 0.296458 2.81853 -0.707155 0.747604 0.524449 2.71262 3.02042 1.17704 -0.845343 -0.692286 -2.7548 -0.800587 -1.07528 -0.728118 1.12646 -0.12281 2.53183 1.74715 1.02461 -0.560981 -0.289884 0.603509 0.97338 1.03087 -0.830891 0.939507 -2.52342 -0.0696705 -0.677275 1.06831 -1.8737 1.8909 -0.654146 0.473352 -0.220241 
1.69552 1.93876 -0.227826 0.516315 0.828891 1.86571 0.928393 -2.86039 2.69965 -1.34001 2.53824 -1.60181 2.83078 1.59741 -2.23145 0.340666 2.80669 -0.570012 0.764816 0.709577 2.7756 2.78853 1.04017 0.622576 -0.789259 -2.87701 0.0973117 -0.930311 0.156574 1.33154 0.365644 2.56507 1.63651 0.950354 -0.342216 -0.447962 0.957354 0.984017 1.15998 -0.985225 0.723144 -2.56585 -0.157477 -0.540128 1.30073 -1.63875 1.96525 -0.672127 0.216917 -0.582884 
1.81639 1.97319 -0.236024 0.346597 -0.637535 1.84872 0.522879 -2.56859 2.45935 -1.42473 2.46618 -1.56607 2.91935 1.5826 -2.22513 0.41133 2.79674 -0.41777 0.821176 0.88058 2.79957 2.54373 0.853967 -0.148111 -0.886356 -2.71884 0.389713 -0.782135 0.121348 1.4506 0.177807 2.60444 1.56118 0.979468 -0.112647 -0.626301 -0.998399 0.326686 1.24986 -1.23261 0.472634 -2.38974 -0.287996 -0.401438 1.55607 -1.52291 2.06572 -0.989637 0.0277454 -0.856828 
1.98168 1.96136 -0.391351 0.187419 -0.402419 1.84738 -0.408285 -2.33982 2.2777 -1.50342 2.37058 -1.50581 3.07023 1.6201 -2.22087 0.441426 2.77867 -0.31928 0.890927 1.04623 2.8299 2.27013 0.729202 -0.687031 -1.02986 -2.55639 0.55586 -0.629426 0.564582 1.75986 -0.15833 2.58271 1.41673 0.822377 0.301874 -0.791321 0.562194 -0.633326 1.3198 -1.29375 0.298902 -2.72689 -0.426171 -0.204872 1.75736 -1.05666 2.04834 0.891926 -0.108259 -0.225481 
2.08004 1.94998 -0.528209 0.0125737 -0.729044 1.8093 -0.913018 -1.96264 2.01397 -1.56732 2.25767 -1.4756 3.06769 1.60918 -2.20645 0.549649 2.78217 -0.182424 0.978612 1.20123 2.82708 2.01965 0.579267 0.94565 -1.04639 -2.45523 0.647813 -0.486789 -0.088882 1.7982 0.189266 2.58361 1.35781 0.969703 0.562236 -0.992179 0.252456 -0.770093 1.33693 -1.59962 0.0795844 -2.29843 -0.534664 -0.0575784 1.95225 -1.09557 2.123 0.197559 -0.177516 -0.824728 
2.18988 1.90284 -0.644486 -0.120743 0.621826 1.79579 0.430921 -1.65968 1.82404 -1.62033 2.14393 -1.4609 3.07736 1.66405 -2.19944 0.653481 2.79894 -0.127102 1.07663 1.35512 2.79763 1.75043 0.437683 0.461876 -1.1291 -2.23547 0.0901669 -0.368163 0.301262 1.95182 -0.940197 2.57157 1.24947 0.970592 0.980092 -1.20267 0.539596 -0.831443 1.38061 -1.76911 -0.0839243 -2.21039 -0.639611 0.107704 2.14578 -0.903845 2.11321 -0.442873 -0.266607 0.427602 
2.24548 1.84791 -0.753089 -0.238001 0.155065 1.75153 -0.298063 -1.29429 1.60672 -1.65243 1.99974 -1.46146 3.0189 1.71286 -2.17985 0.802418 2.81887 -0.0792048 1.2074 1.48843 2.792 1.48681 0.341749 -0.656167 -1.11547 -2.15104 0.374128 -0.263621 -0.409726 2.0057 -0.949896 2.52693 1.1614 1.05728 1.26356 -1.41953 -0.936462 0.187364 1.37766 -1.98146 -0.206957 -1.84446 -0.731196 0.260102 2.29157 -0.891975 2.09376 -0.869545 -0.316275 0.567877 
2.32722 1.72264 -0.9661 -0.336517 0.281904 1.72219 -0.306818 -0.997645 1.46721 -1.69511 1.8411 -1.45848 2.96202 1.80588 -2.17667 0.933955 2.85785 -0.0808396 1.33426 1.62797 2.75873 1.22154 0.255297 0.156461 -1.04955 -2.01132 -0.758459 -0.172294 -0.0904918 2.17978 0.0959713 2.44733 1.02158 1.03716 1.5589 -1.63695 0.178355 -0.897653 1.37907 -2.07315 -0.247872 -1.78768 -0.8167 0.444974 2.4205 -0.691245 2.00098 -0.656542 -0.334662 0.927434 
2.37071 1.60891 -1.15577 -0.456419 0.352548 1.67691 -0.151372 -0.690064 1.32727 -1.72495 1.67847 -1.46279 2.83984 1.88083 -2.18219 1.10906 2.91025 -0.0618641 1.45934 1.74893 2.69579 0.982805 0.148462 0.0920856 -1.00429 -1.91967 0.280781 -0.0847724 0.0428637 2.26271 0.0297214 2.38493 0.900114 1.09074 1.99981 -1.84894 0.263194 -0.607765 1.38302 -2.21818 -0.280327 -1.50391 -0.870991 0.608072 2.55304 -0.671147 1.95589 -0.531978 -0.376405 0.08041 
2.43363 1.41832 -1.34414 -0.571957 -0.578144 1.6338 -0.285676 -0.453312 1.25153 -1.74968 1.50471 -1.46186 2.81131 1.99272 -2.1684 1.26592 2.97202 -0.0725748 1.57917 1.90273 2.66596 0.743108 0.0989536 0.604801 -0.858192 -1.86773 0.114047 -0.00558594 -0.941265 2.44038 0.15993 2.27441 0.719274 1.02978 2.24972 -2.06683 0.375955 -0.751928 1.36367 -2.22372 -0.21809 -1.48765 -0.978009 0.778303 2.63088 -0.483588 1.82431 0.756422 -0.437635 -0.216202 
2.43975 1.22185 -1.54626 -0.675823 0.620326 1.56861 0.961872 -0.132056 1.14089 -1.76189 1.32826 -1.46646 2.66667 2.08019 -2.17687 1.44916 3.04007 -0.0749472 1.70778 2.0051 2.63007 0.525146 0.0802261 -0.604948 -0.683751 -1.74502 -0.429326 0.0531143 -0.931044 2.53105 -0.536156 2.14116 0.57103 1.08518 2.47098 -2.2733 -0.419373 0.348963 1.28682 -2.30363 -0.12125 -1.16784 -1.07035 0.946197 2.72369 -0.515651 1.71349 0.935335 -0.457041 0.793356 
2.41004 0.981444 -1.69978 -0.773777 -0.315318 1.47295 0.0201485 0.194252 1.0297 -1.76249 1.16674 -1.45414 2.48442 2.16435 -2.16612 1.64886 3.09843 -0.0793746 1.82195 2.06749 2.60884 0.327473 0.0845638 -0.502882 -0.515755 -1.5902 -0.208773 0.110688 0.753894 2.55925 0.845061 1.97561 0.455849 1.15849 2.75685 -2.43974 0.035859 0.647413 1.1553 -2.3614 -0.00239209 -0.789825 -1.15061 1.09994 2.83441 -0.593426 1.58784 0.0317514 -0.505456 0.113856 
2.37295 0.665086 -1.88104 -0.850635 0.0473014 1.35851 0.254738 0.486266 0.955527 -1.74963 1.02057 -1.42116 2.30503 2.25578 -2.12424 1.84685 3.15485 -0.102618 1.92626 2.09157 2.57349 0.144346 0.148556 -0.825568 -0.287572 -1.47405 -0.145494 0.17732 -0.330361 2.61145 0.0149694 1.7563 0.336566 1.17897 2.91186 -2.57366 -0.178441 -0.0379419 0.966193 -2.33145 0.158796 -0.566798 -1.23186 1.24426 2.92314 -0.560848 1.39147 0.486283 -0.562061 -0.283746 
2.29326 0.381659 -1.88167 -0.962958 -0.687559 1.22094 0.570988 0.899788 0.814218 -1.72561 0.908605 -1.38859 2.06314 2.31596 -2.08876 2.06644 3.19243 -0.112268 2.02545 2.04027 2.55146 -0.00660917 0.279012 0.995809 -0.00623339 -1.28971 -0.432813 0.25386 -0.465176 2.57883 0.628585 1.49433 0.268081 1.35716 3.09286 -2.71721 0.161429 0.360115 0.626761 -2.42812 0.351112 -0.0481369 -1.29445 1.37518 3.02679 -0.699251 1.20277 -0.807985 -0.670106 -0.742154 
2.21059 0.0142792 -1.94654 -1.0284 0.373263 1.07071 0.347207 1.20385 0.738648 -1.68551 0.812005 -1.32403 1.79066 2.3791 -2.00822 2.28047 3.23424 -0.137549 2.08622 1.944 2.47383 -0.162232 0.34276 0.870361 0.191103 -1.03113 -0.162843 0.303604 -0.699839 2.49673 0.193887 1.24257 0.229939 1.45047 3.33672 -2.78623 0.10682 -0.206374 0.361321 -2.40284 0.505256 0.294499 -1.32747 1.51402 3.12676 -0.754243 1.00578 -0.765052 -0.730206 -0.874571 
2.14311 -0.40338 -1.8981 -1.07102 -0.265159 0.855965 0.68373 1.4621 0.682075 -1.62935 0.725488 -1.23961 1.55519 2.43692 -1.84388 2.44959 3.25897 -0.137933 2.1405 1.8296 2.43352 -0.304446 0.461483 -0.668133 0.428331 -0.75685 -0.75351 0.342278 -0.918062 2.3957 -0.619924 0.936374 0.225094 1.4755 3.39568 -2.80116 -0.0386045 -0.546291 0.0530762 -2.2811 0.676431 0.522701 -1.39856 1.61479 3.18477 -0.724942 0.755012 -0.631575 -0.768508 0.775974 
2.09968 -0.830386 -1.79524 -1.09979 0.892998 0.612959 -0.280619 1.64944 0.65949 -1.56883 0.6643 -1.15032 1.36035 2.49564 -1.63633 2.59078 3.26597 -0.156113 2.18522 1.68234 2.37168 -0.430038 0.632376 -0.740063 0.645118 -0.509668 -0.211145 0.380296 0.260142 2.31327 0.880038 0.611297 0.248236 1.42279 3.46508 -2.76643 -0.209298 0.344641 -0.252832 -2.07079 0.852909 0.552971 -1.45179 1.70601 3.19615 -0.575141 0.466178 -0.824161 -0.764021 0.151788 
2.07481 -1.22953 -1.65112 -1.11998 -0.0134293 0.326351 -0.980871 1.76185 0.687117 -1.52055 0.642585 -1.05125 1.25414 2.55253 -1.38981 2.70376 3.25061 -0.176525 2.20702 1.50448 2.38154 -0.517939 0.785 -0.57439 0.848624 -0.2102 0.207942 0.426457 0.160269 2.18212 -0.883686 0.289551 0.337186 1.32775 3.51778 -2.69795 -0.401715 0.847263 -0.570465 -1.82257 1.01625 0.46019 -1.55658 1.77186 3.20767 -0.356969 0.190255 -0.0194559 -0.731164 -0.424542 
2.03872 -1.56722 -1.50483 -1.12961 -0.834147 -0.0251084 -0.691136 1.88319 0.694746 -1.47369 0.605086 -0.953284 1.15068 2.57643 -1.09269 2.8084 3.20602 -0.182968 2.24939 1.31751 2.38096 -0.559256 1.03872 0.0752762 1.07186 -0.0367559 0.629787 0.47558 0.92143 1.98673 0.378801 -0.0721595 0.490629 1.24354 3.47595 -2.6026 0.0522144 -0.632311 -0.920879 -1.5864 1.20162 0.494123 -1.64504 1.79949 3.17065 -0.237832 -0.0680882 -0.87772 -0.645129 -0.252828 
1.96723 -1.80322 -1.2009 -1.15419 0.827885 -0.424809 -0.903435 1.99518 0.701442 -1.42015 0.593064 -0.851833 1.0118 2.55224 -0.77128 2.93333 3.15235 -0.147677 2.284 1.09214 2.35872 -0.561409 1.1788 -0.369238 1.24652 0.196145 0.247402 0.531766 -0.17684 1.62432 -0.0512616 -0.379864 0.718627 1.2413 3.50573 -2.49034 -0.513151 -0.0898033 -1.25696 -1.44727 1.30568 0.784417 -1.69819 1.76318 3.16039 -0.295116 -0.226209 -0.558722 -0.569105 -0.708219 
1.99559 -2.05417 -1.00322 -1.13581 0.581924 -0.790365 -0.201881 1.93164 0.817488 -1.37438 0.547272 -0.740133 1.03009 2.57884 -0.425001 2.94905 3.08178 -0.167977 2.31031 0.913313 2.31571 -0.567415 1.39613 0.0351409 1.44293 0.423139 -0.370633 0.574149 -0.962201 1.54482 -0.54181 -0.724747 0.853238 0.919384 3.35421 -2.35883 -0.763763 -0.226261 -1.55499 -1.04365 1.49988 0.285333 -1.7756 1.75151 3.06197 0.160037 -0.50216 0.744762 -0.43959 0.848562 
1.95969 -2.1875 -0.743001 -1.15807 0.30315 -1.15465 0.410439 1.93265 0.849972 -1.30601 0.462956 -0.654821 0.96734 2.50759 -0.0932858 2.98804 3.0051 -0.0934521 2.35883 0.711371 2.24853 -0.517792 1.55796 -0.632622 1.5858 0.588086 0.134705 0.608184 -0.315779 1.27791 -0.0302005 -0.999163 1.04234 0.78608 3.29452 -2.23126 -0.720491 -0.877556 -1.79798 -0.843943 1.63374 0.387118 -1.81494 1.67685 2.96743 0.164091 -0.613717 0.624007 -0.232811 -0.780942 
1.9295 -2.24394 -0.383871 -1.18871 0.0737383 -1.51472 -0.633597 1.90112 0.873478 -1.23928 0.358585 -0.563615 0.993218 2.41192 0.248151 2.99729 2.9206 0.0113181 2.40716 0.523426 2.20618 -0.449024 1.69401 -0.108365 1.72888 0.764115 0.434965 0.648175 0.916723 1.03466 0.231234 -1.25634 1.22312 0.594987 3.13336 -2.08575 -0.231866 -0.625759 -2.02363 -0.629641 1.75856 0.42345 -1.8689 1.56791 2.8499 0.203434 -0.695992 0.22963 -0.0152863 -0.679018 
1.92434 -2.27441 -0.0328913 -1.21429 0.252989 -1.82014 0.379988 1.74741 0.946751 -1.16924 0.241078 -0.460867 1.04109 2.31761 0.574281 2.94686 2.84577 0.118095 2.43358 0.343321 2.06965 -0.386794 1.75853 -0.920779 1.84471 0.936773 0.635117 0.685298 -0.391888 0.922055 -0.670418 -1.46723 1.33398 0.238922 2.89071 -1.9127 0.0629932 0.858213 -2.15466 -0.297275 1.86666 0.0837554 -1.85869 1.46094 2.73084 0.467456 -0.780423 -0.548603 0.222107 -0.801334 
1.85717 -2.20275 0.387237 -1.27366 -0.563469 -2.10884 -0.00931068 1.65953 0.944465 -1.08993 0.10346 -0.351626 1.0373 2.14472 0.872127 2.91311 2.77408 0.300366 2.46278 0.147069 1.93246 -0.291361 1.75466 0.772692 1.92808 1.09679 -0.973533 0.730365 -0.526069 0.694644 -0.49542 -1.63335 1.46336 0.00979045 2.67079 -1.73889 0.511893 -0.944195 -2.25986 -0.113363 1.92747 0.15628 -1.81441 1.31148 2.64808 0.431839 -0.743685 0.37919 0.490667 -0.437733 
1.78399 -2.12899 0.789863 -1.34908 -0.670963 -2.3463 -0.615981 1.51373 0.941357 -1.00912 -0.0625469 -0.230009 1.07409 1.93634 1.13708 2.84437 2.71199 0.518363 2.48127 -0.0460982 1.79767 -0.175553 1.73552 0.198943 1.99559 1.22205 0.963824 0.787608 -0.694433 0.552974 -0.129918 -1.78346 1.53538 -0.302791 2.42142 -1.5346 0.0750907 -0.553929 -2.29543 0.125738 2.00763 0.106714 -1.75559 1.1526 2.55274 0.431506 -0.687446 -0.0242175 0.823554 0.546121 
1.68341 -2.07313 1.21176 -1.47129 -0.60808 -2.5511 -0.503091 1.37938 0.897044 -0.913294 -0.230058 -0.102302 1.04348 1.66417 1.35896 2.78995 2.66429 0.802338 2.50525 -0.283404 1.60756 -0.0452932 1.65572 0.394958 2.05349 1.32442 -0.475767 0.876979 -0.520981 0.387061 0.539918 -1.87828 1.60099 -0.577432 2.10239 -1.30333 -0.913549 0.105565 -2.27009 0.305805 2.01987 0.216088 -1.6201 0.976915 2.5165 0.291243 -0.551739 -0.977977 1.17725 -0.867316 
1.49587 -1.87338 1.60843 -1.5771 -0.910223 -2.70354 -0.162632 1.35452 0.768772 -0.800026 -0.415133 0.0355238 0.884303 1.33519 1.53021 2.75907 2.60091 1.10812 2.53214 -0.51487 1.34587 0.0726399 1.46666 0.131854 2.0546 1.34334 -0.611986 0.938009 0.553563 0.100582 -0.915167 -1.91814 1.66052 -0.638272 1.87611 -1.1123 0.933449 0.485665 -2.22739 0.297106 1.93947 0.761155 -1.4122 0.791558 2.53021 -0.117642 -0.334993 0.107604 1.5751 -0.400897 
1.36342 -1.75044 1.96048 -1.62136 0.880695 -2.781 -0.363509 1.21114 0.70526 -0.698415 -0.598472 0.185068 0.850767 1.0743 1.69332 2.66362 2.51995 1.32008 2.54682 -0.710638 1.10452 0.14322 1.30595 -0.00805092 2.05581 1.40892 0.12919 1.00035 -0.233078 0.0623341 -0.688781 -1.98066 1.63439 -0.941236 1.55953 -0.902201 0.163704 0.798326 -2.16571 0.515972 1.8787 0.579573 -1.24637 0.655264 2.52179 -0.0083745 -0.268753 0.990916 1.9404 -0.284567 
1.17992 -1.5915 2.32169 -1.67486 -0.349336 -2.82227 0.111465 1.12878 0.584224 -0.57788 -0.779168 0.344231 0.751337 0.759969 1.81529 2.59757 2.43652 1.56414 2.55653 -0.925267 0.874309 0.21755 1.05816 0.441349 2.04037 1.46767 -0.93167 1.06051 -0.480243 -0.0781868 -0.729215 -2.00022 1.61748 -1.09136 1.28074 -0.694346 -0.981792 0.0585574 -2.08609 0.605903 1.7444 0.70489 -1.0679 0.506845 2.54625 -0.10193 -0.138376 -0.0113557 2.33212 -0.836153 
1.01902 -1.43098 2.55792 -1.74665 -0.095957 -2.84638 -0.19604 1.04221 0.453844 -0.446911 -1.0058 0.523508 0.620853 0.427345 1.91138 2.50973 2.35172 1.82556 2.57641 -1.1298 0.593136 0.293246 0.857586 -0.607843 1.99812 1.42122 -0.63592 1.13091 -0.994031 -0.102016 -0.303978 -2.04889 1.55243 -1.33439 1.0371 -0.476137 0.297086 -0.590175 -2.00357 0.766095 1.65401 0.65708 -0.852727 0.37617 2.55594 -0.102766 -0.0287076 -0.107051 2.77464 -0.87983 
0.806431 -1.25381 2.86634 -1.78486 -0.909093 -2.8294 -0.870369 0.987213 0.291384 -0.30401 -1.18946 0.691467 0.407855 0.0944741 1.975 2.47307 2.24959 2.0585 2.58532 -1.32674 0.282635 0.351577 0.561983 0.47559 1.95699 1.38167 0.217458 1.18182 -0.908024 -0.241626 0.512879 -2.04915 1.49375 -1.42544 0.823065 -0.266323 -0.774449 0.19923 -1.89698 0.815064 1.4855 0.838194 -0.61117 0.230909 2.59926 -0.216637 0.0969328 0.626565 3.11593 0.0571021 
0.634629 -1.11637 3.046 -1.7844 0.50217 -2.78222 0.918813 0.878039 0.142956 -0.147881 -1.47097 0.866247 0.260314 -0.212026 2.03965 2.37988 2.12888 2.23237 2.63369 -1.48773 0.0071156 0.404188 0.313074 -0.960229 1.91054 1.34939 -0.328543 1.21668 0.0426439 -0.203977 -0.143501 -2.12564 1.3758 -1.6874 0.633621 -0.041663 -0.992355 -0.152263 -1.8126 1.03078 1.41187 0.581187 -0.418264 0.117019 2.59331 -0.0323293 0.105219 -0.0479593 3.45759 0.150554 
0.455784 -0.929162 3.17575 -1.78675 -0.481645 -2.7183 0.886737 0.817509 -0.00603977 0.00130468 -1.63589 1.02584 0.0779236 -0.534771 2.0338 2.32925 2.00582 2.40947 2.63872 -1.62071 -0.261774 0.4504 0.0222006 -0.383631 1.89048 1.28035 -0.516843 1.24818 0.116965 -0.262829 0.131138 -2.12125 1.25696 -1.74874 0.432833 0.154535 0.00261567 -0.735981 -1.7251 1.07514 1.26736 0.584119 -0.251362 0.0103446 2.60049 -0.00910488 0.174591 0.632079 3.77468 0.141488 
0.295537 -0.786885 3.24903 -1.77673 -0.665394 -2.61366 0.956642 0.726811 -0.12823 0.155135 -1.7792 1.17016 -0.13932 -0.829687 2.00107 2.28741 1.87988 2.54991 2.65081 -1.73192 -0.547078 0.472118 -0.353883 0.816632 1.83738 1.1741 -0.791659 1.25883 -0.152302 -0.266525 0.301241 -2.09649 1.10026 -1.84014 0.347906 0.335645 0.973694 0.390787 -1.59923 1.15692 1.12512 0.456395 -0.0577742 -0.0725752 2.5918 0.0994538 0.215854 0.801703 4.05327 -0.374956 
0.200651 -0.681573 3.21724 -1.73543 -0.749723 -2.46436 -0.583171 0.554321 -0.180392 0.297171 -1.87263 1.30919 -0.309475 -1.07541 1.92953 2.20312 1.75434 2.62017 2.63075 -1.79706 -0.82205 0.468649 -0.711753 0.621401 1.76209 1.08878 -0.140521 1.25657 -0.943641 -0.0886631 -0.00313031 -2.07529 0.872066 -2.07953 0.345889 0.514988 -0.993181 0.073232 -1.46615 1.37221 1.03978 -0.16903 0.103023 -0.106882 2.56193 0.544289 0.167235 -0.283519 4.29556 0.0374106 
0.0631691 -0.522269 3.19368 -1.71629 -0.0146478 -2.34706 0.0586123 0.507336 -0.289256 0.426711 -1.9011 1.43631 -0.522191 -1.34812 1.82844 2.20669 1.61667 2.72676 2.59228 -1.85515 -1.01958 0.483632 -1.11971 -0.676236 1.70972 0.987436 -0.802285 1.25207 0.29834 -0.159881 -0.117671 -1.99273 0.725894 -2.00126 0.354782 0.659995 -0.89629 -0.392428 -1.37408 1.31676 0.872722 -0.150926 0.220123 -0.158517 2.55123 0.563498 0.246215 0.0703226 4.50145 -0.212148 
-0.0283608 -0.401862 3.00323 -1.65131 -0.628364 -2.21789 0.776231 0.4052 -0.372422 0.537164 -1.93972 1.50807 -0.750146 -1.59389 1.71401 2.17571 1.52397 2.77596 2.62127 -1.87011 -1.26397 0.501808 -1.68823 -0.560388 1.63547 0.824416 0.178398 1.22786 -0.594355 -0.0643157 0.176563 -1.9566 0.535877 -2.04962 0.430731 0.819403 0.606435 -0.0727405 -1.26264 1.37699 0.827707 -0.434911 0.347391 -0.175154 2.49757 0.764901 0.229848 -0.731091 4.72885 -0.693738 
-0.14592 -0.268277 2.93366 -1.63218 -0.71709 -2.0627 -0.240944 0.335537 -0.439855 0.645758 -1.92118 1.62327 -0.922963 -1.83433 1.56578 2.17703 1.42736 2.86916 2.56449 -1.88309 -1.43435 0.534053 -2.24885 -0.449913 1.63359 0.733161 -0.437703 1.19406 -0.902375 -0.131765 -0.222865 -1.8479 0.368411 -1.93998 0.385154 0.942355 -0.318131 0.233791 -1.16499 1.30232 0.722934 -0.408718 0.427118 -0.219437 2.44902 0.738609 0.328479 0.134202 4.91834 -0.394427 
-0.243373 -0.121348 2.74508 -1.61049 -0.646076 -1.87774 0.584049 0.240921 -0.476883 0.75177 -1.87328 1.72309 -1.27237 -2.05381 1.34853 2.17241 1.42078 2.94353 2.53867 -1.90099 -1.60982 0.580982 -3.11988 0.537352 1.58673 0.573689 0.940204 1.13956 -0.480216 -0.123956 0.544406 -1.70071 0.149541 -1.82032 0.489187 1.06547 0.00925103 -0.196644 -1.03976 1.21417 0.651033 -0.452133 0.549802 -0.254405 2.40817 0.722604 0.437246 0.721657 5.15688 0.829147 
-0.318 -0.0510139 2.55019 -1.54007 -0.804864 -1.69092 0.84495 0.148496 -0.50332 0.819205 -1.82157 1.79892 -1.47866 -2.19102 1.15719 2.16129 1.35828 2.9458 2.46959 -1.84722 -1.71254 0.598051 -3.55855 0.95666 1.51838 0.511898 -0.338409 1.07713 0.458138 -0.0361835 -0.644681 -1.61051 -0.064624 -1.79756 0.632365 1.16607 0.055075 0.565122 -0.949205 1.21525 0.647571 -0.710598 0.601289 -0.247135 2.37477 0.877599 0.463708 -0.911047 5.28289 -0.103423 
-0.414449 0.037635 2.2623 -1.49709 0.193462 -1.52067 -0.244164 0.169598 -0.591452 0.864951 -1.75237 1.86069 -1.68675 -2.34329 0.93999 2.18935 1.30614 2.97991 2.39455 -1.77891 -1.76782 0.632997 -3.99725 0.97683 1.531 0.439847 0.985606 1.02283 0.199135 -0.108458 -0.51349 -1.48351 -0.213927 -1.53055 0.603328 1.23759 0.836051 -0.657216 -0.895044 0.996826 0.594853 -0.472953 0.608882 -0.235434 2.38209 0.696724 0.594136 -0.0541234 5.4388 0.668752 
/ 