25 50 relu 
-0.160241 -0.483052 -0.472111 -0.176238 0.875486 2.22319 0.885054 0.407782 0.757801 1.33985 -2.68607 -1.56954 0.391532 0.232122 -0.73771 0.199285 0.886096 0.886855 1.21882 3.43144 5.06739 2.23212 1.273 0.0757628 -8.60212 
1.05733 0.425478 1.08306 0.87811 -0.826994 0.632948 -0.69053 -1.29011 -1.21291 0.615467 0.409907 0.457122 0.240294 0.516156 2.47207 0.836566 0.845473 2.47604 1.63147 0.316539 -1.00616 -1.24881 -1.05212 0.913623 -5.06394 
0.0540915 -0.427365 0.239918 0.949225 1.30274 0.131406 0.296591 -0.919 -0.661044 -0.56001 0.982178 0.187951 0.0208833 -0.566266 0.797037 -1.09487 0.313604 -0.0999597 -1.07956 -0.0793432 -0.899561 -1.3547 -0.628288 -2.77617 -1.81017 
-0.432992 0.00415004 -0.925188 -0.404081 0.547195 1.36912 -0.141325 0.707712 1.85724 3.67752 0.527012 0.67092 0.720559 -0.0156495 1.06199 2.41686 1.3685 1.16607 1.42803 -1.45211 -4.99506 -2.30945 -0.422564 1.91739 -0.612724 
-0.773451 0.0655872 0.524575 -1.02625 -0.0456859 -0.29626 0.602869 0.180014 -0.208922 0.465027 -0.034019 0.430905 -0.907488 -0.785073 0.227811 -0.762838 -0.823259 -0.448714 -0.990442 -0.167487 -0.945096 0.412031 0.854819 -0.558119 -0.697848 
1.19407 -0.267227 -0.157068 -0.069609 1.29595 1.33848 1.35039 0.399682 -1.7737 -1.28543 -0.296439 1.28454 0.775459 -0.298245 -2.15425 -0.128231 1.18987 1.37235 0.990334 3.95409 3.10526 0.37083 -0.0385041 0.0593505 -9.74829 
-0.361501 0.258538 -0.746576 0.302507 0.243268 0.606146 -0.504316 -0.0471364 -0.221372 -0.593499 -0.94325 0.803347 -0.147005 -0.715958 0.894974 -0.179374 -0.737623 0.771297 -0.815653 -0.675603 -0.857873 -0.269322 -0.493885 -0.729781 0.566306 
-0.596485 -0.614378 -0.133247 0.103049 -1.40292 -1.82459 0.0392079 0.206534 1.25595 2.71884 -1.25791 -1.30357 -0.103681 0.504995 3.90452 2.22974 -2.64337 -2.55091 -3.54497 -5.69656 -1.02157 1.36558 1.25048 3.01171 6.96855 
4.23651 -0.0940077 -0.475268 -0.761722 0.45216 0.906668 1.16794 -0.912045 -3.62113 -2.05889 2.62546 2.62571 2.72306 0.635364 -1.32218 -1.02814 -0.0228275 -0.176088 0.713597 0.980191 -0.479633 -0.703042 -1.12336 -0.342531 -4.7601 
2.22757 0.37831 0.128959 -0.556346 -0.0121568 1.04162 1.21632 -0.177057 -1.13037 -3.56959 1.46634 2.02354 0.775849 -0.35039 1.22974 1.42655 -0.844724 1.06589 1.49114 4.51039 -2.90718 -2.76029 -2.41935 -2.31725 -0.535976 
-0.603476 -0.249773 1.23691 1.52082 0.466778 0.0130094 0.708367 0.39918 -1.71466 -2.62497 1.34651 0.309807 -1.22217 -2.76447 -6.24367 0.468348 1.78556 2.61135 2.2836 1.23323 -1.39865 -1.40644 -1.04592 -0.819263 -1.90654 
-0.376897 -1.89765 -2.19366 -1.16112 1.46831 0.470764 1.3091 -0.408312 -0.700926 -1.70476 -2.8385 -1.64033 -1.51276 1.63646 1.22623 -2.69388 -2.72381 -1.99466 -0.16508 1.37843 1.06145 0.618106 0.63299 0.77715 1.1402 
-5.10456 -1.34697 -0.444233 0.512909 1.4729 1.42941 0.749728 -0.683332 -0.930858 -0.613739 -1.78927 -0.829028 -1.38465 -0.612914 1.00513 3.03225 1.93335 1.08812 1.03296 -0.866461 -4.42774 -1.68757 -1.01005 0.44836 1.117 
-1.67642 -1.35749 -0.903501 -1.54658 -3.38712 -5.96772 -4.84211 -2.83632 -1.57889 1.21081 1.80089 0.210678 -2.02423 -3.07143 -2.74881 1.07417 1.5946 0.115267 0.522061 -0.169771 0.967661 1.14538 1.46841 0.255361 -1.1479 
0.106254 -0.392486 0.674746 -0.391198 -0.498466 -2.74001 -0.742097 -1.38855 0.692125 3.21261 1.92089 0.0638302 -1.53097 -0.614035 -2.00037 -1.2963 -0.90163 -0.889678 1.2726 1.88517 -0.670968 0.866543 -0.161519 -0.546771 6.2441 
3.42317 0.762782 -0.925021 -2.13269 -1.82983 -4.396 -4.13512 -2.80685 -3.47175 -3.27012 0.351623 0.631472 1.75457 1.99866 1.62165 -4.07445 -3.93739 -3.58589 -1.18031 -0.253973 -2.03826 -1.47632 -0.213569 1.83482 5.62543 
5.24935 0.771264 0.325926 -0.764764 -0.025224 -2.37042 -3.9437 -4.98282 -4.6671 -3.52825 -1.65417 -1.77952 -1.80134 -1.70829 -0.770088 -6.12527 -5.30794 -2.3337 -0.201075 1.96588 1.20037 -0.457571 -1.48937 -0.845197 -0.224074 
1.40006 0.164649 -0.453127 -0.515111 0.185291 -2.6782 -4.08195 -2.33041 -3.18548 -1.53728 -0.210727 -0.620528 -0.153969 0.248483 0.273328 -3.57311 -1.71753 1.28415 0.858213 1.72689 1.11141 -0.0713229 -1.51014 -0.275758 2.48311 
3.09182 0.907856 0.425837 -0.189405 1.17548 -1.69615 -0.325055 -0.119856 -1.20214 0.66511 -1.07056 -3.26532 -4.09515 -2.9579 -4.72497 -3.21839 -2.84589 -1.65008 -2.46843 -1.97486 0.7063 -1.02399 -2.73084 -1.81062 -3.2011 
3.12043 -1.01106 -0.0835123 -1.66762 -1.26331 0.166746 0.59274 0.707889 -0.118354 0.936401 1.33212 0.785292 0.180678 -0.796618 -0.216461 1.97741 -0.863201 -0.24619 0.839672 2.28327 0.424817 0.493867 -0.410008 -1.28806 -5.41913 
-1.16394 -2.50492 -1.18445 -2.92553 -6.11728 -1.88253 -0.232455 1.65065 -0.928779 -2.01264 1.53209 -0.030973 1.72699 2.34694 2.09725 -5.46352 -2.71896 -1.24624 -0.269533 -2.17597 0.55654 1.78758 0.431394 0.0126856 0.480331 
-2.43904 0.92801 0.596661 0.0215806 -0.716292 -0.233804 -2.00243 -1.01664 0.261168 1.32363 -0.444384 0.693957 -1.33297 0.736551 2.27172 -1.48039 -0.599178 -0.20036 -0.817902 2.35371 2.68405 1.79849 2.40443 4.46363 8.05234 
-0.136211 0.0953567 1.37334 1.12305 0.426206 -1.45136 -1.55059 -1.21279 -1.43774 -1.65686 0.277571 -0.16934 0.41884 -1.11416 -2.0739 2.04065 0.449798 1.34172 1.13512 0.932684 -3.90072 -2.03163 -2.55033 -1.40829 -1.83274 
-1.00482 -0.47343 0.325758 -0.152035 -0.629704 0.895137 -0.767118 0.551861 0.851521 -0.697358 0.106078 -0.981536 -0.417716 -0.542106 -0.13578 0.414715 0.432353 0.223692 -0.563872 0.382446 0.189231 -0.968633 -0.966476 -0.737769 0.490448 
1.81015 0.958943 0.245237 -2.31482 -3.46918 -2.56934 0.595603 1.98022 2.13366 1.43699 1.21322 -0.556393 -1.20884 -1.89575 -1.85225 -1.14164 -0.602613 0.297912 0.0412884 -0.629257 -0.512453 -2.18511 -0.57805 0.496166 2.95719 
-1.00562 -1.41584 -1.17209 -1.68121 -1.4468 0.0981779 0.58574 0.574862 0.805582 -0.129666 -0.890606 0.350449 -0.417871 -0.479214 0.591873 1.64396 1.0864 -0.174839 -0.691386 -1.78408 0.637793 0.47433 -0.952126 -1.38032 -1.05274 
-0.823878 -0.83662 0.00857722 -0.991694 0.0566444 0.566811 -0.117772 0.19932 0.329836 0.264333 -1.00496 -0.665075 0.287578 -0.362764 -0.907485 -0.729766 0.83724 -0.55839 -0.240208 0.171572 -0.741695 -1.08337 0.168322 0.223654 0.0486738 
2.33658 2.28335 1.71514 0.895983 0.378577 0.906486 0.585106 -0.0460979 -0.599515 0.606637 1.55054 0.616094 0.851444 1.83628 1.80637 1.14647 -0.435766 -0.668304 -0.149317 -1.01308 -0.432373 0.857679 0.568113 -2.12814 -2.01647 
-1.26947 -0.900671 -0.842137 0.345159 1.33889 -0.522727 -0.887191 -0.131643 -0.605648 -1.25568 -1.50802 -1.79437 -1.48375 -1.26205 -0.453542 1.11061 1.49289 0.978615 0.260958 -0.0419358 1.32432 0.359664 -0.866287 -1.15758 -1.89846 
0.360856 0.889614 0.456123 0.258974 -0.796871 -1.50131 -0.760726 0.853223 0.68017 2.70048 4.11828 1.52844 1.12533 0.523591 -0.37709 1.18734 1.82416 0.918281 1.85805 0.515441 -2.35138 -3.50118 -0.894077 -2.58221 4.1029 
-0.474161 0.87539 -0.0127589 -0.777246 -0.187274 0.395056 -0.135963 -0.792267 0.525599 -0.806091 -0.118322 -0.311043 -0.405938 0.515186 -0.323061 -0.3402 -0.891301 0.142344 -0.0355451 -0.604161 -0.882159 0.816704 0.580827 -0.176016 -0.432581 
-1.94315 -0.540066 1.6129 1.22312 0.280763 0.575619 -0.453407 0.0784281 -1.36783 -1.9653 -0.518742 -0.318566 -0.0205916 1.85539 4.06714 1.61021 0.165454 -0.322261 -1.01187 -1.98518 -3.21701 0.670424 1.57933 2.84922 3.81353 
1.88683 1.47592 1.18653 1.61117 1.86047 1.91089 -0.139419 -0.563812 -0.293165 1.54417 2.16527 -0.3037 1.11929 0.562032 1.17611 1.2406 0.384206 -0.64469 -1.30562 -1.60202 -1.56516 -0.373782 -1.05581 -1.00644 4.09159 
3.36371 1.27744 0.933858 1.10343 1.11912 -0.459479 0.325937 0.938258 2.12084 3.24738 2.41812 1.66472 0.509476 -0.698948 -1.43369 0.632903 -0.306822 -0.527169 -0.713673 -3.15337 0.949526 -0.604797 -1.31561 2.57916 1.26384 
3.22864 -0.23225 -1.4362 -2.96121 -4.25312 1.29262 2.19385 2.76733 2.00397 1.10719 -2.34612 -2.98637 -1.88697 -3.24137 -3.18422 1.5454 1.49617 0.32211 0.330209 0.130283 -2.22195 -1.41615 -1.3799 -0.54495 0.572337 
-1.07425 -0.0699328 -0.284079 -0.809187 -0.0732537 2.10735 -0.0752114 -0.120083 0.636068 1.11264 0.880222 -0.928957 -1.3531 -0.844256 -1.31676 2.77642 0.0697549 -0.319027 0.376825 5.18721 4.33811 -0.621123 -2.65801 -1.98923 -5.05431 
-0.523691 0.255563 0.655486 -0.394127 -0.728709 0.193724 -0.998867 0.832015 -0.245115 0.0244919 -0.311734 -0.471893 -0.418014 0.667296 -0.751219 0.268826 -0.903345 -0.0851682 -0.248665 -0.693397 0.419346 0.230739 -1.08543 0.451666 -0.0558183 
-0.488316 -0.205675 -0.382784 0.00722337 0.419167 0.677075 -0.543906 -0.0785075 -0.261816 -0.909252 -0.87673 -0.623107 0.100566 0.628045 -0.192271 0.61546 -0.484221 -0.716436 -0.375285 0.763814 -0.0370158 -0.523627 -0.40905 -0.162616 0.381526 
0.214839 0.111418 0.209663 -0.361786 -0.588982 0.926897 -1.31239 -1.00242 0.564558 1.28224 0.984298 0.00484506 0.667413 0.328165 2.66218 -2.74712 -0.910307 -2.46898 -3.07474 -1.56032 3.51562 0.786121 0.935597 1.69267 2.31 
0.882521 0.754666 0.97694 1.49748 0.926978 0.904579 0.146039 1.34421 0.50781 1.54279 -0.856546 0.182715 1.16045 2.05207 0.465074 -0.66149 -0.113511 -0.4475 -1.26646 -0.0511581 2.55287 2.65629 1.91777 1.79389 1.1926 
2.52286 0.310132 0.415644 1.64489 1.27398 0.354099 0.219768 -0.032329 -0.0481376 1.47103 0.777659 0.101857 0.166762 0.359192 0.802509 1.56792 -0.168269 -1.31478 -0.810864 -0.3248 -1.82799 0.481643 0.748993 -0.173836 0.80783 
0.698014 1.7018 0.979214 0.82028 2.67263 1.61593 0.658797 -0.867388 -0.28321 -1.51243 1.04543 1.25212 -0.194956 0.0156853 -0.257011 1.53964 0.598232 2.30065 2.13302 3.2055 0.662445 0.909094 1.92796 0.559118 1.24542 
-1.59697 0.310285 -0.915046 0.973512 0.277645 -0.0129157 -0.816472 -0.773668 0.798386 0.38671 -0.148847 -0.326613 -0.117524 -0.796228 0.610959 0.541176 -0.0924471 0.0950431 0.0316442 1.02347 -0.924726 -1.25959 -0.0227406 0.0149574 -0.670597 
-1.32205 -0.852528 0.29405 0.297367 0.999254 3.08061 1.02594 -0.683587 -2.55433 -3.5601 -0.247629 0.111726 0.874902 0.178044 1.24182 -0.633994 0.970545 1.51117 1.37225 0.19435 1.60499 3.1872 3.27743 1.64173 0.498999 
1.25138 -0.0330065 -1.20674 -2.74352 0.024431 3.93038 0.359532 -1.20372 -1.52198 -1.7616 0.150998 -0.260229 -1.97796 -0.742426 -1.25036 -2.10597 -2.28612 -2.21031 -3.85899 -4.3733 -0.219963 -0.626281 -1.2134 1.25606 3.52707 
-0.183825 1.81393 1.26047 2.23274 1.44668 1.76367 0.907446 -0.31885 -1.46469 -0.723065 0.348345 1.22666 0.760399 0.858514 0.875108 0.262479 1.21079 0.340026 1.61445 1.21088 1.93074 2.00498 1.56193 1.04899 2.41358 
1.38567 0.775977 -0.574847 0.0134944 0.298234 1.36616 1.33091 1.37115 0.720536 1.18813 1.50691 -0.172143 -0.503214 -0.366126 -0.931587 0.81651 0.39823 -0.291723 -1.52448 1.03397 -0.059925 -1.36276 -1.07457 -0.461992 2.88861 
-0.748156 -0.252676 -0.733413 -0.476275 -0.747938 -0.594365 0.50105 -0.8581 -0.0821725 0.926487 -0.530648 -0.604964 0.367892 -0.837347 0.708473 -0.694875 -0.759647 0.618248 0.888385 -0.908959 -0.879475 0.659444 -0.717641 0.602336 -0.545023 
1.58191 -0.179225 0.0165016 -0.0470021 2.95324 0.700688 -1.40968 -2.67575 -2.69883 0.140803 3.74243 2.449 1.68795 -1.02541 -1.99964 -2.57304 -1.81702 -1.77706 -2.3711 -0.114491 -0.189568 0.295855 -1.50382 -1.07494 -1.17686 
0.229583 0.147089 -0.175277 -0.679531 -0.0619844 0.165458 0.164806 -0.590671 -1.04551 0.885452 -0.619553 0.254644 0.0937017 -0.27506 -0.788796 -0.131632 -0.754589 0.131262 0.038416 -0.0811924 0.729539 -0.867082 -0.291483 -0.813114 -0.422219 
/ 
50 50 relu 
1.16204 1.33223 1.2385 0.67637 0.653104 0.764902 0.679592 -1.58109 0.793539 0.307062 1.17362 -0.586421 0.5168 1.31912 -1.89237 0.496144 2.94258 0.0680135 0.365919 0.788998 1.24355 2.53425 0.613899 0.395505 -0.385254 -0.283193 0.479486 -0.171969 -0.447276 -1.13078 0.626282 1.0386 0.602164 2.0376 0.237267 0.629168 0.154385 0.271575 -0.702458 -1.35825 1.03868 -1.34792 0.37604 0.558832 -0.594335 -1.59373 0.00558796 -0.723996 0.0554147 -0.188234 
1.01799 0.964626 0.907316 0.553471 -0.395475 0.962481 1 -1.6405 0.826332 0.546359 1.31462 -0.614532 0.565937 1.20404 -1.74245 0.617771 2.96334 -0.109362 0.381398 0.605385 1.43091 2.58753 0.693515 -0.688671 0.0625484 -0.278983 -0.508667 -0.0191496 -0.399174 -0.972584 -0.861335 1.13579 0.507865 2.02982 -0.241204 0.753563 0.323963 -0.201515 -0.887676 -0.763487 0.811295 -1.05747 1.14 0.461777 -0.775408 -2.20933 -0.114478 -0.313021 -0.0345837 -0.6218 
0.763386 0.805021 0.697272 0.550246 -0.209714 0.990811 -0.247446 -1.72944 0.933695 0.504191 1.39585 -0.426274 0.528041 1.14599 -1.49257 0.254202 3.04957 -0.693561 0.462434 0.489591 1.75989 2.54219 0.755588 -0.731369 0.274124 -0.808215 -0.110005 0.277125 -0.321613 -0.958444 0.99449 1.1625 -0.125379 1.96261 -0.467536 0.923938 0.312841 0.949828 -0.892997 -0.70155 0.897251 -1.08659 1.26566 0.298341 0.239819 -1.9158 0.190501 0.898788 -0.123947 -0.419747 
0.742841 0.635371 1.21886 0.249181 -0.177911 1.22135 0.628449 -1.82459 0.956599 0.417839 1.65086 0.300302 1.00662 1.34123 -1.46024 0.21114 2.99924 -0.345642 0.531555 0.833387 1.85852 2.50494 0.789961 -0.042216 0.0775794 -0.933609 0.739704 -0.417015 -0.820892 -0.502699 0.883972 0.927458 0.163208 1.49697 -0.471151 0.896259 -0.669008 -0.769147 -0.865525 -0.570425 1.66806 -1.80325 -0.468742 0.161347 0.288423 -1.10724 0.167757 0.0948025 -0.498084 0.00821006 
0.822663 0.470702 0.693646 0.0911759 -0.0164004 1.32339 -0.335375 -1.87908 1.01687 0.393592 1.6963 0.676153 0.911763 1.36368 -1.43713 0.309668 2.80952 -0.359457 0.64645 0.959572 2.02644 2.54962 0.88204 0.068904 0.0275532 -1.04594 -0.192154 -0.58821 -0.925691 -0.351934 -0.628507 0.959851 0.37757 1.49287 -0.504503 0.881432 -0.63069 -0.09315 -0.857007 -0.633572 1.59121 -1.90925 -0.38183 0.050083 0.0824976 -0.962715 0.15398 -0.33286 -0.390709 -0.257946 
0.702262 0.417594 0.0416224 -0.107542 0.223733 1.55129 -0.329794 -1.96756 1.08678 0.40447 1.75346 0.623629 0.979997 1.46248 -1.42548 0.188187 2.85397 -0.281824 0.622547 0.814956 2.19334 2.60824 0.988638 -0.752231 -0.48167 -0.14699 0.569344 -0.743149 -1.1677 -0.124836 -0.124794 0.863311 0.823565 1.20347 -0.097142 0.906677 0.341056 0.127031 -0.916651 0.198537 1.4145 -1.41291 -0.00445707 0.100652 0.61802 -2.05644 0.076472 0.491044 -0.205722 0.558157 
0.709284 0.552398 0.148561 -0.394102 -0.594075 1.56221 0.00671518 -2.08621 1.32255 0.20984 1.91414 0.788756 0.91981 1.47943 -1.4031 0.122749 2.76313 0.164549 0.724861 0.657224 2.46768 2.56055 0.947222 -0.596134 -0.315958 -0.600401 0.79477 -0.851895 -1.41422 0.121644 0.54463 1.02204 0.426472 1.06722 -0.925071 1.02839 -0.459463 -0.0158639 -0.816825 0.350441 1.84936 -1.47167 1.22747 0.0623399 0.56491 -2.11446 0.565384 0.821706 -0.453569 -0.162295 
0.689814 0.608225 -0.244018 -0.441311 -0.254021 1.56469 0.613403 -2.03743 1.33656 0.0515854 1.78256 0.684682 1.17979 1.40602 -1.45151 0.636593 2.48197 0.0211842 0.895798 0.90507 2.59705 2.64666 1.07354 -0.172085 -0.557704 -0.664137 -0.568536 -0.803247 -1.06777 0.0565303 -0.310458 0.784252 1.21675 1.04574 -0.307683 0.828845 -0.955594 0.960217 -0.81481 0.432289 0.642775 -1.21615 -0.415225 -0.0760605 0.915289 -2.23915 0.469547 -0.853923 -0.325979 -0.206384 
0.852956 0.590635 -0.185013 -0.654029 0.926123 1.68814 0.179272 -2.05986 1.38089 -0.0798504 1.9324 0.876566 1.29229 1.51997 -1.38828 0.353434 2.49169 0.318677 0.974913 1.00468 2.66445 2.627 1.09803 -0.84537 -0.394046 -1.12195 -0.799331 -1.05662 -1.57808 0.321426 -0.122687 0.746943 1.31763 0.928169 -0.631142 0.724609 0.603533 0.973189 -0.800987 0.358193 0.96885 -1.6798 0.515427 -0.088856 0.834961 -1.80098 0.489667 -0.654146 -0.488484 -0.220548 
0.779596 0.677948 0.174214 -0.830782 0.82428 1.7387 0.928393 -2.04977 1.47269 -0.306322 1.81845 0.894129 1.45938 1.53216 -1.33033 0.533548 2.34986 0.511463 1.13533 1.10782 2.85075 2.50413 1.1474 0.622795 -0.465842 -1.6431 0.0981675 -1.17415 -1.11779 0.512459 0.365911 0.671592 1.17108 0.796482 -0.508172 0.600108 0.957406 0.984213 -0.793375 0.505108 1.10963 -1.84884 1.0795 -0.089285 0.931299 -1.54962 0.657971 -0.672127 -0.733943 -0.5831 
0.834122 0.928376 0.0917403 -1.04736 -0.644015 1.74537 0.522879 -2.09565 1.59292 -0.660822 1.78409 0.987041 1.57334 1.51614 -1.28908 0.563304 2.31854 0.722987 1.19894 1.13863 2.86616 2.48113 1.14746 -0.147904 -0.486089 -1.10308 0.388962 -1.1291 -1.19922 0.586358 0.177683 0.709713 1.33086 0.68711 -0.625467 0.47091 -0.998417 0.325825 -0.595729 0.447598 0.623335 -1.71308 0.9535 -0.218729 1.20977 -1.55804 1.08628 -0.989637 -0.708546 -0.857734 
0.837663 0.92048 -0.528423 -1.09205 -0.409299 1.90643 -0.408285 -2.06552 1.6434 -0.801447 1.6904 0.926558 1.93651 1.51971 -1.24187 0.750605 2.0972 0.821615 1.32674 1.14745 2.87032 2.50773 1.27816 -0.686638 -0.695048 -1.21859 0.553842 -1.19747 -0.927343 0.720894 -0.158411 0.50376 1.10916 0.62192 0.268828 0.319345 0.562189 -0.635269 -0.654779 0.183485 0.999229 -2.46702 0.340554 -0.31096 1.31837 -0.524251 1.09824 0.891926 -0.467622 -0.226024 
0.98333 1.13864 -1.50784 -1.26919 -0.736825 1.97324 -0.913018 -2.16016 1.77048 -1.10067 1.73783 1.18559 1.95308 1.46742 -1.16259 0.775546 1.99349 1.09891 1.42749 1.06294 2.78989 2.47455 1.25107 0.945734 -0.570397 -1.09742 0.64714 -1.13498 -1.39237 0.772337 0.189215 0.763946 1.5145 0.62817 0.163568 0.22427 0.252429 -0.768937 -0.374142 0.450969 0.283771 -1.79129 0.368513 -0.320229 1.04489 -1.52177 1.26248 0.197559 -0.0744033 -0.825107 
1.16833 1.28817 -1.36753 -1.41055 0.618023 2.05377 0.430921 -2.1021 1.84116 -1.51349 1.51711 1.37825 1.94331 1.46079 -1.12473 0.484268 2.01484 1.42145 1.53301 1.29487 2.75073 2.37534 1.18413 0.461663 -0.760552 -1.10039 0.0899491 -1.21208 -1.09527 0.855907 -0.940333 0.832727 1.42592 0.660334 0.616493 -0.177749 0.539581 -0.830649 -0.084591 -0.200981 0.149094 -2.0959 1.09233 -0.527862 1.30957 -0.618398 1.62611 -0.442873 -0.0476966 0.427555 
1.11552 1.38784 -1.0569 -1.43307 0.147742 2.00927 -0.298063 -2.13966 1.98143 -1.77919 1.54942 1.30244 2.04231 1.56249 -1.06795 1.08805 1.79891 1.36657 1.70421 1.23517 2.72016 2.1822 1.19501 -0.65598 -0.468069 -1.14375 0.372649 -1.18672 -1.60188 0.869051 -0.949935 0.957539 1.45393 0.658322 0.605915 -0.167532 -0.936449 0.186701 0.152315 0.165197 -0.221728 -1.55733 0.541232 -0.520723 1.25834 -1.19539 1.543 -0.869545 -0.283994 0.567082 
1.11863 1.19036 -1.09371 -1.50255 0.277111 2.15444 -0.306818 -2.19628 1.95624 -1.78154 1.45854 1.48263 2.25522 1.61782 -1.0243 0.988496 1.73703 1.46478 1.76106 1.29734 2.63368 2.00992 1.17726 0.155949 -0.147396 -0.608891 -0.759486 -1.21534 -1.35794 0.969301 0.0959193 1.2205 1.01201 0.723359 0.791915 -0.380377 0.178359 -0.898688 0.297331 0.28565 -0.0352063 -1.52494 0.269223 -0.709893 1.3216 -1.02743 1.46681 -0.656542 -0.157001 0.926871 
1.2743 1.38067 -1.23133 -1.59438 0.346002 2.13132 -0.151372 -2.17683 2.06537 -2.05755 1.33982 1.47821 2.06117 1.64783 -0.972094 1.23067 1.66733 1.69305 1.86801 1.24233 2.39564 1.9084 1.06551 0.0919229 -0.571403 -0.461757 0.279683 -1.29004 -1.28238 1.05088 0.0296285 1.28502 0.998289 0.710943 1.51814 -0.602954 0.263175 -0.608829 0.607263 -0.0455496 0.0178609 -1.51336 0.94343 -0.672346 1.4531 -0.868343 1.70729 -0.531978 -0.157465 0.0794989 
1.418 1.25466 -0.947704 -1.59695 -0.582718 2.06667 -0.285676 -2.12524 1.97061 -2.13554 1.49973 1.50105 2.35675 1.76079 -0.885073 1.14298 1.70609 1.70215 1.91714 1.5197 2.41297 1.73421 1.04346 0.605056 -0.176827 -1.33963 0.112445 -1.27962 -1.85919 1.05792 0.159912 1.38686 0.970312 0.755087 1.60802 -0.822129 0.375963 -0.751783 0.754342 -0.31309 -0.171905 -1.76763 0.293665 -0.809301 1.63608 -0.19385 1.60307 0.756422 -0.25338 -0.21573 
1.49609 1.24411 -1.12389 -1.66388 0.615591 2.05137 0.961872 -2.23062 1.96813 -2.17408 1.46688 1.59121 2.09405 1.91301 -0.827105 1.63844 1.51446 1.77183 2.03144 1.48659 2.12465 1.50896 0.943505 -0.604923 0.0495851 -0.865344 -0.430831 -1.34311 -1.86628 1.1244 -0.536152 1.83888 0.200915 0.881534 1.51682 -1.01627 -0.419335 0.3482 1.14657 -0.497156 0.428371 -1.56137 0.225847 -0.890578 1.4603 -0.169362 1.87943 0.935335 -0.0925023 0.792973 
1.59426 1.06561 -1.23134 -1.74624 -0.323509 2.08085 0.0201485 -2.14886 1.81054 -2.07429 1.14855 1.70225 2.25916 1.91011 -0.841054 1.66445 1.58877 1.8392 2.07731 1.79483 1.96425 1.39891 0.920144 -0.502866 -0.115469 -0.599443 -0.210059 -1.48308 -0.664554 1.20077 0.845086 1.90338 0.701775 0.821684 2.08548 -1.49852 0.0358955 0.645655 1.22605 -0.282097 -0.040096 -1.15578 -0.666164 -0.925711 1.66023 -0.597724 1.64427 0.0317514 0.0687422 0.113248 
1.81104 0.872196 -1.29878 -1.72041 0.0449801 1.98774 0.254738 -2.07317 1.63266 -2.02563 1.2441 1.88402 2.13442 2.09645 -0.765981 1.54882 1.60065 1.83969 2.12668 2.0461 1.88242 1.20327 0.860627 -0.826287 0.376413 -1.30199 -0.146792 -1.53402 -1.25094 1.21228 0.0148421 2.1149 0.527911 0.938129 1.98589 -1.78763 -0.178451 -0.0385143 1.42653 -0.685135 0.117818 -1.27022 0.384122 -0.996875 1.51821 -0.0918188 1.5212 0.486283 0.202142 -0.283863 
1.7752 0.977862 0.00491105 -1.75706 -0.692714 1.70877 0.570988 -2.01967 1.66774 -2.10409 1.196 1.73392 2.07092 2.19627 -0.778987 1.67372 1.84512 1.94471 2.07377 1.92395 1.86338 0.951178 0.636277 0.995722 0.432279 -1.21021 -0.433984 -1.46901 -1.26746 1.22787 0.628655 2.30246 0.028884 0.91696 2.00358 -1.89312 0.16152 0.36035 1.80878 -0.70204 0.259271 -0.654206 -0.821607 -1.00673 1.88319 -0.438635 1.84047 -0.807985 -0.37499 -0.741998 
1.88561 0.774287 -0.300358 -1.58411 0.367951 1.52176 0.347207 -1.85868 1.47374 -1.86473 1.08368 1.61106 1.71278 2.27618 -0.734078 2.22598 1.77669 1.55309 2.09928 1.89285 1.6253 0.858252 0.639766 0.870164 0.343572 -0.958623 -0.163847 -1.31968 -1.28411 1.07681 0.193879 2.30013 0.239415 1.19778 2.60646 -2.0788 0.106864 -0.207105 1.85583 -0.935925 -0.264941 -0.395767 0.0323315 -0.949686 1.93649 -0.473854 1.41365 -0.765052 -0.195797 -0.874227 
2.10481 0.528588 -0.0384799 -1.61705 -0.269369 1.43456 0.68373 -1.72546 1.24931 -1.60082 0.964599 1.7564 1.63978 2.41537 -0.761904 1.95395 1.91701 1.68887 2.09489 2.0333 1.3545 0.72006 0.63534 -0.668361 0.626852 -0.478645 -0.754847 -1.48478 -1.18045 1.13432 -0.620022 2.41436 0.758044 1.30625 2.49598 -2.41101 -0.0386013 -0.548435 1.94234 -0.833536 -0.779376 0.0403193 -0.648839 -0.981946 1.95382 -0.893744 0.980797 -0.631575 -0.196208 0.776197 
2.06263 0.392749 0.273772 -1.52801 0.889976 1.18672 -0.280619 -1.53086 1.12391 -1.34936 0.785252 1.511 1.48516 2.40562 -0.719446 2.26741 1.99093 1.60203 2.10263 1.87664 1.2229 0.572184 0.53966 -0.740505 0.819576 -0.874479 -0.212167 -1.32565 -0.330171 1.14401 0.880031 2.32509 0.0984938 1.36368 2.56895 -2.56845 -0.20927 0.345409 1.87945 -1.09038 -0.203716 -0.176286 0.575581 -0.853457 1.99819 -0.37252 1.01929 -0.824161 -0.302849 0.151712 
2.19143 0.275114 0.174262 -1.41881 -0.0168651 0.921253 -0.980871 -1.34096 0.952739 -1.07604 0.621899 1.53169 1.34651 2.5101 -0.704289 2.48382 2.11138 1.32772 2.07351 1.69764 1.11532 0.569541 0.573497 -0.575098 0.887792 -0.299531 0.207343 -1.3212 -0.249459 1.10813 -0.883733 2.07253 0.371162 1.35502 2.71993 -2.61213 -0.401691 0.846811 1.86199 -1.45106 -0.189224 -0.304232 -0.669327 -0.749237 1.82266 -0.0379431 0.782206 -0.0194559 -0.227179 -0.423807 
2.25941 0.121208 -0.0590634 -1.36074 -0.838953 0.602532 -0.691136 -1.118 0.785817 -0.764071 0.46446 1.3518 1.20842 2.42203 -0.598459 2.60394 2.07274 1.33644 2.14633 1.55548 0.999619 0.44339 0.653066 0.0748541 1.07944 -1.0887 0.629137 -1.16353 0.372242 1.12157 0.378796 1.99948 0.296119 1.44021 2.62558 -2.64062 0.0522482 -0.630506 1.70789 -1.47588 -0.135112 -0.254518 -0.920649 -0.513491 1.83915 -0.120395 0.579244 -0.87772 -0.114559 -0.253313 
2.35853 -0.025654 0.98691 -1.32663 0.825797 0.269827 -0.903435 -0.857029 0.539316 -0.590407 0.356872 1.56901 0.942578 2.50074 -0.551175 2.56597 2.36986 1.08319 1.96838 1.55513 0.849554 0.254 0.548945 -0.369919 1.01169 -0.211584 0.246975 -1.02856 -0.152884 1.02456 -0.0512554 1.98817 0.859093 1.51412 2.98486 -2.69047 -0.513087 -0.0899264 1.82045 -1.48055 -1.12176 0.508441 -1.14342 -0.535965 1.74931 -0.628881 0.2906 -0.558722 -0.347084 -0.708286 
2.43007 -0.205367 1.01184 -1.24178 0.579721 -0.0987019 -0.201881 -0.611654 0.30511 -0.184575 0.35085 1.11995 0.811825 2.49044 -0.392153 2.71408 2.33148 1.01244 1.9603 1.16539 0.6673 0.203371 0.609827 0.0343971 1.47593 -0.170338 -0.371284 -0.694476 -0.68484 1.03796 -0.541787 1.7387 0.256143 1.52839 2.52324 -2.492 -0.763729 -0.226599 1.60876 -2.0021 -0.386319 -0.189618 -0.722108 -0.304321 1.96731 0.325243 0.318156 0.744762 -0.330842 0.848335 
2.50262 -0.392678 0.162752 -1.28706 0.29914 -0.26941 0.410439 -0.396534 0.111455 0.19394 0.142896 1.27865 0.55948 2.38625 -0.247208 2.58877 2.4058 1.02081 1.9283 0.941988 0.605052 0.156667 0.736486 -0.633299 1.28513 -0.152475 0.13441 -0.711854 -0.111945 1.1554 -0.0302057 1.59774 1.12959 1.35277 2.83834 -2.39694 -0.720434 -0.877688 1.27543 -1.36064 -0.767435 0.298931 0.0190215 0.0794576 1.65414 -0.873198 -0.154979 0.624007 0.0926949 -0.781284 
2.51647 -0.667575 0.522759 -1.24839 0.0689628 -0.49916 -0.633597 -0.117128 -0.12447 0.508472 -0.125539 1.27471 0.530269 2.20202 -0.123606 2.67204 2.42704 0.931218 1.94604 0.962679 0.501532 0.0247697 0.766802 -0.108646 1.3915 -0.62252 0.434644 -0.618587 0.88873 1.20645 0.231151 1.46481 1.12261 1.32524 2.77804 -2.43189 -0.231849 -0.626983 1.03316 -1.41727 -0.608032 0.249219 -0.745913 0.27274 1.51818 -0.75243 -0.369957 0.22963 0.051433 -0.679462 
2.61054 -0.849132 0.545506 -1.21347 0.245837 -0.75777 0.379988 0.190217 -0.428188 0.731169 -0.112875 1.09206 0.499915 2.27155 0.0780131 2.69215 2.42995 0.763222 1.91513 0.914287 0.236905 -0.016851 0.837565 -0.920814 1.74082 -0.661655 0.634671 -0.496528 -0.0717741 1.28814 -0.670306 1.05947 1.32154 1.00855 2.35751 -2.32183 0.0630683 0.857815 0.749958 -1.726 -0.114695 -0.312391 0.329005 0.571694 1.62099 -0.130086 -0.475878 -0.548603 0.149692 -0.80106 
2.60799 -1.02045 0.837167 -1.19829 -0.569181 -0.998292 -0.00931068 0.416071 -0.667415 1.04344 -0.305535 1.01147 0.25858 2.10856 0.247249 2.63923 2.411 0.789401 1.87468 0.585979 0.0941738 -0.123124 0.89108 0.771925 1.83075 -0.0912136 -0.973449 -0.27485 -0.0586859 1.33779 -0.495439 0.959682 1.08436 1.00007 2.15266 -2.15557 0.511888 -0.94597 0.576783 -1.90978 0.267188 -0.360392 0.434429 0.884076 1.66069 -0.1046 -0.449867 0.37919 0.143322 -0.438058 
2.54177 -1.12565 0.566804 -1.27084 -0.677337 -1.18189 -0.615981 0.651575 -0.83273 1.21416 -0.340809 1.09245 0.429383 2.06015 0.449339 2.76567 2.30108 0.833716 1.87636 0.447149 -0.0690062 -0.247239 0.91055 0.198558 1.79399 -0.226576 0.963666 -0.341418 -0.20301 1.55296 -0.129977 0.715268 1.28658 0.58677 2.10764 -1.92647 0.0750857 -0.556066 0.267229 -1.55795 0.845265 -0.393017 -0.987412 1.24309 1.33801 -0.433481 -0.523608 -0.0242175 0.385919 0.546172 
2.4632 -1.279 0.485173 -1.26048 -0.613218 -1.39816 -0.503091 0.916053 -1.04045 1.49753 -0.460017 0.815438 0.318528 1.74169 0.663218 2.64875 2.27043 0.93766 1.88165 0.107658 -0.264878 -0.30614 0.870746 0.394179 1.9497 -0.164845 -0.475892 -0.0355305 0.0112932 1.63937 0.539949 0.460195 1.28937 0.419809 1.69789 -1.71717 -0.913522 0.105503 -0.0120048 -1.44175 1.06522 -0.287008 -0.963059 1.65111 1.60451 -0.827455 -0.542522 -0.977977 0.46413 -0.867746 
2.30401 -1.15167 -0.157295 -1.32522 -0.914957 -1.58198 -0.162632 1.14414 -1.11875 1.46081 -0.685823 0.768032 -0.099496 1.34548 0.882723 2.71548 2.17898 1.06868 1.88352 -0.183225 -0.376287 -0.401168 0.712425 0.131772 1.55751 -0.0350277 -0.611946 0.247495 0.895539 1.69852 -0.91508 0.324107 1.37609 0.125194 1.71011 -1.56962 0.933494 0.486142 -0.121656 -1.2156 1.06346 0.315351 0.77449 2.03353 1.6875 -1.76358 -0.152553 0.107604 0.917613 -0.401172 
2.3773 -1.32035 -0.0954741 -1.37817 0.875991 -1.70895 -0.363509 1.42137 -1.36186 1.5875 -0.826612 0.77607 -0.103877 1.28215 1.05864 2.48737 2.06952 1.23498 1.90788 -0.121701 -0.534203 -0.468813 0.705086 -0.00788578 1.72739 -0.17451 0.129065 0.273655 0.241752 1.83059 -0.688653 0.0604365 1.42341 0.039404 1.30136 -1.50461 0.163765 0.797688 -0.391749 -1.68679 1.34764 -0.309539 0.833184 2.16934 1.71179 -0.855304 -0.14919 0.990916 1.11268 -0.284508 
2.25544 -1.38646 0.261458 -1.38669 -0.353286 -1.89253 0.111465 1.62597 -1.47006 1.69883 -1.04442 0.757189 -0.284096 1.07131 1.21937 2.48922 1.9201 1.33289 1.9292 -0.399161 -0.659481 -0.616009 0.621592 0.441208 1.6935 0.415816 -0.93186 0.493112 0.0194695 1.85779 -0.729249 -0.0261024 1.17481 0.13927 1.1481 -1.22972 -0.981824 0.0566558 -0.530214 -1.81728 1.24174 -0.253867 -0.510937 2.27967 1.74082 -0.693979 -0.0835169 -0.0113557 1.14517 -0.836651 
2.14375 -1.41694 -0.609172 -1.51334 -0.0986437 -1.88832 -0.19604 1.81615 -1.5761 1.7087 -1.09836 0.809249 -0.0512956 0.936203 1.41607 2.3436 1.76147 1.63078 1.92951 -0.480363 -0.890553 -0.668206 0.463024 -0.607804 1.56015 0.212733 -0.636213 0.445392 -0.451381 2.10802 -0.303931 -0.302005 1.57585 -0.387519 1.08699 -1.07726 0.297119 -0.590586 -0.806449 -1.2844 1.53063 -0.130908 -0.911339 2.53587 1.55081 -1.28239 -0.0581515 -0.107051 1.77769 -0.87958 
1.95201 -1.38405 0.167236 -1.48353 -0.909893 -2.09337 -0.870369 2.02607 -1.62431 1.54192 -1.26787 0.981679 -0.364313 0.772697 1.52828 2.52918 1.71236 1.46752 1.92536 -0.354 -0.908083 -0.828629 0.242059 0.475228 1.5928 -0.00291886 0.217839 0.583955 -0.423172 2.01936 0.51292 -0.502768 2.01362 -0.54455 0.948248 -0.91801 -0.774409 0.1998 -0.897776 -1.22955 0.623337 0.151671 0.719809 2.45624 1.44526 -1.16906 0.00537556 0.626565 1.69078 0.0569007 
1.7207 -1.50754 0.300278 -1.4698 0.50401 -2.07832 0.918813 2.10999 -1.63667 1.64102 -1.4783 0.927041 -0.504378 0.497348 1.65054 2.49331 1.52208 1.64141 1.97511 -0.58276 -1.02616 -0.951893 0.00558949 -0.96016 1.65646 0.39012 -0.328412 0.570989 0.370515 2.13805 -0.143486 -0.638373 1.83636 -0.759856 0.793493 -0.665017 -0.992328 -0.152688 -1.04605 -0.856879 0.898638 0.180701 -0.207121 2.47172 1.43697 -1.2036 -0.067721 -0.0479593 1.84606 0.150076 
1.49118 -1.47648 0.390201 -1.44088 -0.483059 -2.16183 0.886737 2.16445 -1.58739 1.58283 -1.51002 0.750914 -0.494301 0.128754 1.71537 2.42408 1.32644 1.84779 1.96002 -0.838258 -1.15361 -0.967875 -0.285455 -0.383716 1.83528 0.549018 -0.516702 0.853312 0.395962 2.12983 0.131224 -0.743425 1.39744 -0.938647 0.441593 -0.37981 0.00266629 -0.736226 -1.05202 -0.805508 1.07628 0.266624 -0.711621 2.41613 1.63089 -1.13269 0.2269 0.632079 1.98219 0.14183 
1.38712 -1.6416 0.571217 -1.43635 -0.665105 -2.18902 0.956642 2.26541 -1.72167 1.60052 -1.67488 0.984348 -0.496923 0.0403424 1.78949 2.53805 1.10749 1.77789 1.96428 -0.533 -1.18637 -1.08174 -0.391391 0.816829 1.88479 0.354456 -0.791486 0.807392 0.0632987 2.08641 0.301253 -0.817285 2.0749 -1.00223 0.490859 -0.268748 0.973718 0.391134 -1.27459 -0.464937 0.0640543 0.348864 -0.288861 2.21288 1.38684 -1.01353 -0.132716 0.801703 2.25891 -0.37516 
1.14121 -1.65706 0.706261 -1.35454 -0.746059 -2.16434 -0.583171 2.20507 -1.59891 1.52932 -1.783 1.02311 -0.808092 -0.15566 1.87268 2.18799 1.10091 1.84163 1.8565 -0.821897 -1.08775 -1.09633 -0.640105 0.621425 1.87882 0.786666 -0.140388 0.892603 -0.742024 2.09012 -0.00309804 -0.905577 1.26459 -1.22434 0.586088 0.109914 -0.993155 0.0737185 -1.31551 -0.708494 0.900958 -0.342371 0.546253 1.99416 1.56366 0.166055 0.212089 -0.283519 2.40365 0.0373095 
0.972956 -1.63247 1.11035 -1.17535 -0.015575 -2.1911 0.0586123 2.18035 -1.5595 1.43658 -2.18909 0.91245 -1.03732 -0.46191 1.87756 2.4156 0.993434 1.63693 1.89081 -0.83139 -1.16939 -1.07998 -0.870796 -0.675493 1.7839 1.07402 -0.802462 0.961337 0.405292 1.89081 -0.117533 -1.03058 1.6098 -1.31465 0.729063 0.318788 -0.896253 -0.39227 -1.25978 -0.677273 0.26867 -0.218855 -0.564432 1.80937 1.7422 0.331979 0.106221 0.0703226 2.43584 -0.212085 
0.881126 -1.54705 0.0455088 -1.13397 -0.626493 -2.12736 0.776231 2.05245 -1.42422 1.32432 -2.13706 1.07219 -1.44214 -0.684526 2.00547 2.30947 0.809522 1.77845 1.86935 -1.0263 -1.03949 -1.10024 -1.12083 -0.559857 1.62677 0.563983 0.17874 0.957321 -0.503897 1.85157 0.176549 -0.868376 1.49238 -1.44315 0.904452 0.676971 0.606451 -0.0727302 -1.27987 -0.52358 0.375258 -0.381604 0.669358 1.69686 1.49184 0.463656 0.26191 -0.731091 3.06976 -0.694259 
0.602644 -1.58215 1.02892 -1.02162 -0.715397 -2.08636 -0.240944 1.98164 -1.30757 1.15121 -1.95843 1.06631 -1.25457 -0.861095 1.90005 2.65796 0.759327 1.54885 1.76995 -0.896795 -1.13399 -1.05936 -2.59849 -0.449788 1.93159 0.724796 -0.437063 0.879555 -0.821383 1.77288 -0.222771 -0.970222 1.79546 -1.76254 0.601792 0.94449 -0.318087 0.234092 -1.36859 0.036717 0.117656 -0.194674 -0.450293 1.46817 1.45804 0.28686 0.0547439 0.134202 3.0065 -0.394154 
0.469373 -1.62222 1.00513 -0.878425 -0.641814 -2.00958 0.584049 1.80503 -1.15992 1.09089 -2.08397 1.16023 -1.77564 -1.19006 1.98397 2.31023 0.71404 1.63502 1.75325 -1.0683 -0.793369 -1.1952 -2.80345 0.537694 1.83277 0.0801628 0.94082 0.916742 -0.423395 1.62009 0.544421 -0.564268 1.23196 -1.53699 0.789859 1.28242 0.00928452 -0.196071 -1.24776 0.0323712 0.0656113 -0.235373 1.13366 1.19466 1.57071 0.655386 0.112631 0.721657 3.18106 0.829193 
0.182105 -1.54974 1.30883 -0.798717 -0.807299 -1.94176 0.84495 1.6355 -0.944027 1.02766 -1.86513 0.998241 -2.15397 -1.40375 2.05037 2.48419 0.742153 1.55157 1.61848 -1.44583 -0.728741 -1.25657 -3.29838 0.95708 1.4888 0.474143 -0.338521 0.865538 0.453733 1.63196 -0.644726 -0.495562 0.652648 -1.71706 1.23806 1.72791 0.0550604 0.564959 -1.24192 0.366107 0.698119 -0.456545 0.860046 1.11529 1.69175 0.872906 0.252489 -0.911047 3.05076 -0.103427 
0.144048 -1.80599 0.310125 -0.571649 0.195628 -1.77125 -0.244164 1.51814 -0.986421 1.16172 -2.03289 0.810685 -2.05239 -1.58446 2.07776 2.71969 0.471015 1.18604 1.68535 -1.41273 -0.789798 -1.16764 -3.2152 0.976849 1.65852 0.693446 0.986343 0.967588 0.139721 1.41291 -0.513459 -0.350419 1.01804 -1.53061 1.01333 1.86238 0.836078 -0.657256 -1.28147 0.60994 0.0958484 -0.162558 0.932392 1.007 1.89913 0.435633 -0.276766 -0.0541234 3.58559 0.668766 
/ 