25 50 relu 
-1.16936 0.993856 -2.98802 -1.28307 3.29701 1.92436 -0.825159 -0.63028 -0.157626 1.43804 -1.307 -0.863687 -1.02318 -0.362863 4.57976 -3.73491 -0.0180844 0.433932 -1.86643 4.21438 2.95726 -0.369597 1.07235 1.01684 -4.31667 
-0.452192 1.04803 1.7639 2.25176 1.56846 1.07215 -1.70961 -2.62432 -1.68205 1.64834 1.2832 1.32159 0.905052 0.441819 2.5901 1.16415 0.450416 1.65735 -0.313806 -4.23919 -1.81259 -1.02003 -0.915798 2.84848 -1.7319 
-0.44932 -0.235325 0.841595 1.35684 0.930361 3.59112 1.02881 -2.17296 -3.03532 -0.9837 -0.296957 -0.468515 0.322795 0.235481 3.67735 -0.269373 0.51359 -0.311263 -2.3769 -3.88308 0.379608 -1.13831 -0.122746 -1.86627 -2.82709 
-3.57977 -0.880399 -0.195048 1.60044 1.2118 1.1056 -0.126903 0.747585 0.635131 3.02726 0.175401 -0.186089 -1.16271 -1.25206 1.28322 0.144167 1.76754 1.53089 0.840181 -2.88199 -3.73601 -0.0913269 0.909292 1.41882 -1.13209 
-0.770648 0.0702287 0.530527 -1.02054 -0.0418341 -0.295909 0.602846 0.179887 -0.208199 0.46613 -0.0364147 0.431473 -0.906334 -0.785932 0.222517 -0.761706 -0.820767 -0.446749 -0.989167 -0.166604 -0.943493 0.413412 0.85528 -0.55943 -0.701812 
0.267319 0.810999 0.248696 -0.26033 -0.125372 2.07858 1.41425 0.536291 -1.23626 -1.90485 -1.83557 1.27886 1.04976 0.66356 -1.46677 -1.46154 1.49569 2.05706 0.390228 4.11896 4.83636 1.13254 0.160398 1.95208 -13.6366 
-0.361501 0.258538 -0.746576 0.302507 0.243268 0.606146 -0.504316 -0.0471364 -0.221372 -0.593499 -0.94325 0.803347 -0.147005 -0.715958 0.894974 -0.179374 -0.737623 0.771297 -0.815653 -0.675603 -0.857873 -0.269322 -0.493885 -0.729781 0.566306 
-1.14924 0.918502 -0.000849596 -0.330295 0.230353 0.372545 -1.96732 -0.529247 1.3671 0.382263 -0.358665 -0.885608 -0.0114238 0.957274 3.26986 -4.47589 -3.27927 -2.36455 -2.93375 -1.06349 5.48261 1.14593 -0.585278 0.964068 7.36246 
4.22273 -2.00458 -1.3578 -2.0595 0.159554 -0.0445064 3.30906 1.76149 -0.303908 -0.651148 0.82094 0.183542 0.0848377 -0.0563903 -4.54982 2.98935 0.602093 1.11001 3.39043 6.09932 -3.05617 -1.94624 -2.41059 -1.15819 -5.6835 
-1.44507 -0.104699 -0.68914 -1.33355 1.97732 2.10361 0.724697 -0.816157 -0.755167 1.92983 -1.87898 -0.616894 0.234966 -0.545035 -0.196183 0.645799 1.52099 2.64751 1.47265 6.27459 -4.64132 -4.19545 -2.22017 -2.98496 2.79727 
0.491653 0.264211 0.465818 0.189095 -0.237066 -0.963024 0.832367 1.3833 -0.474905 -2.55206 1.39639 0.685384 -0.456658 -2.26141 -5.85834 0.547621 1.7048 2.1478 1.77736 0.899644 -1.09622 -0.168237 -1.23638 -1.29701 -1.33785 
-0.0837705 -0.184366 -0.0175999 -0.43959 0.137485 -1.49826 0.125084 -0.900371 0.12007 0.454352 1.0324 0.191233 0.14025 0.422771 -2.89717 0.505636 0.154428 -1.12734 -1.19881 0.499782 1.13075 -0.182529 -0.58806 -0.256468 7.55455 
-4.71737 0.298251 0.458083 -0.194527 1.18809 -1.02607 -0.793016 0.457558 1.4299 1.19901 -3.4546 -0.838891 -2.09133 -1.74392 1.52597 7.87094 2.9507 0.363276 -0.623981 -4.38443 -6.17625 -2.03851 -0.241354 1.80688 1.33905 
-4.02765 -2.36975 -0.390616 -0.248927 -4.05054 -3.86478 -3.49672 -3.26091 -2.96251 0.0146066 0.390791 0.0763653 -1.50492 -3.39572 -1.57681 2.01111 0.968941 -1.16754 -0.104527 0.952337 0.269148 1.12567 2.29289 1.31987 -0.859129 
-1.31387 -0.820123 0.519768 0.971701 -0.586003 -0.847902 -1.54373 -2.84815 -0.721676 6.44088 0.221317 -0.897902 -1.46586 0.065326 2.83177 -0.428234 1.02406 0.11417 -1.56999 -6.61194 -6.60973 1.81068 1.86337 2.90202 7.36322 
5.50482 0.241959 -0.930086 -0.933929 -1.54929 -8.05091 -5.84394 -3.04824 -3.19139 -2.70715 -0.12234 -0.636633 -0.141008 -1.47474 -3.02555 -7.29626 -2.03548 0.372593 4.31775 6.31683 1.50884 -1.70805 -3.61981 -2.98186 1.74571 
6.31614 -0.253642 -1.69426 -2.92163 -0.901537 0.129831 -1.93392 -2.10834 -1.16876 0.457415 -1.61319 -2.38415 -1.36259 -0.311792 0.476598 -0.881542 -1.50294 -2.7144 -3.01227 -0.664907 -4.7391 -2.75664 -1.70762 2.71467 7.28159 
3.90294 -0.508012 -0.0865006 -0.956299 -2.11957 -2.2313 -0.666322 0.903881 -2.41087 -2.65991 1.69417 -1.14909 -1.15385 1.02779 1.22497 -3.1987 -2.31644 0.762506 1.29675 3.22455 3.51692 -0.750912 -1.97636 -1.38476 0.807681 
0.99945 -1.55699 0.373957 1.63769 3.09018 0.792911 0.218928 -1.73361 -2.88692 0.0181548 -1.34437 -3.69685 -4.52683 -3.06172 -4.10728 -3.8402 -2.86299 -1.92213 -3.34342 -2.99103 2.99997 1.26369 -0.90167 -0.433522 -4.08301 
3.26395 -1.17259 0.662064 -0.386956 0.10465 -1.44537 1.06351 0.155558 -1.9267 -3.78979 0.53112 1.47063 2.51945 2.55001 1.89394 0.265736 -2.80983 -0.58763 1.08846 1.22484 -0.895456 -0.724322 -1.86373 -0.0826542 -3.25003 
0.432017 -1.33533 -0.999991 -3.12011 -6.39167 -3.31098 -1.78746 1.1549 -1.15806 -3.84493 3.47785 1.03008 2.3397 2.27302 2.5005 -6.54083 -3.48657 -1.35428 -1.29629 -4.36344 -3.05585 -0.875678 -0.585188 0.938919 3.68412 
-4.27044 1.42692 0.651635 0.0351266 0.165389 0.144343 -1.71808 -0.357829 0.388032 0.697924 -0.825757 0.243283 -2.23687 0.351673 3.49275 -0.877319 0.0764651 -0.842494 -1.67748 4.04027 2.31918 -0.277677 0.56575 4.16028 10.1102 
5.53441 -0.0739355 -0.964107 -0.00347312 1.57073 -4.14253 -3.93379 -3.87065 -4.45745 -5.7276 -2.43794 -1.42979 -0.744933 -3.41398 -6.07837 -1.11671 -2.06682 0.388246 1.93238 4.27259 -1.66607 -0.908872 -3.37904 -4.17092 -5.29782 
-1.00467 -0.473331 0.32582 -0.151933 -0.629429 0.895655 -0.766491 0.552222 0.851554 -0.697498 0.106668 -0.980927 -0.417315 -0.541889 -0.135664 0.41424 0.431908 0.223351 -0.563956 0.382475 0.188257 -0.969527 -0.967491 -0.738995 0.488893 
0.061343 -0.0483795 0.634912 -0.584596 -2.16954 -2.13554 1.68886 3.09087 1.24257 -0.945097 0.721039 -0.494135 -0.644287 -1.30715 -1.68622 4.28987 -0.0947053 -2.6915 -2.1353 1.17039 0.916599 -0.850831 0.0616096 0.48422 0.30184 
-1.48565 -1.94598 -1.90859 -1.17263 2.26894 -1.0121 0.0985672 0.516133 1.95451 2.90666 -3.27643 -1.48637 -0.882631 -0.279852 0.890137 4.17847 1.35271 -0.541626 -0.472295 -0.853844 -1.24223 -0.444103 -0.463439 -0.165047 0.19855 
-0.824758 -0.83735 0.00788325 -0.992181 0.0573227 0.568208 -0.115974 0.201323 0.331393 0.265084 -1.00432 -0.664111 0.289009 -0.360941 -0.906105 -0.729496 0.837293 -0.5584 -0.240213 0.171581 -0.741172 -1.08304 0.168664 0.223826 0.0484177 
6.66038 2.62179 0.797773 0.979138 1.95918 1.98914 2.03757 1.41755 -0.366717 -1.69223 1.70031 2.13988 1.60631 0.854397 2.07718 3.8361 0.421869 -1.11256 -0.379641 -0.462736 -2.01927 -0.888723 0.41578 -1.13363 -3.92854 
-1.66925 -1.65334 -2.31681 -0.0797615 3.87825 1.03462 -0.927992 -1.65167 -2.01277 -2.05741 -0.9759 -0.164475 -0.387479 -2.08197 -4.72739 1.57408 2.84394 2.11919 1.43929 1.65663 2.11897 -0.660066 -1.58976 -1.92303 -3.03315 
-0.449534 1.37309 1.78254 1.66674 1.33022 -0.511383 0.267963 0.0806623 -1.34802 1.68894 3.39824 1.32203 1.29841 0.247286 -1.75107 3.30299 2.67173 1.34267 2.48517 -0.174764 -2.94317 -1.45191 1.17642 -2.43359 -0.446307 
-0.4742 0.8754 -0.0127398 -0.777238 -0.187258 0.395216 -0.135795 -0.792117 0.525728 -0.805971 -0.118315 -0.311038 -0.405929 0.515208 -0.323044 -0.34019 -0.891268 0.142393 -0.0354773 -0.604038 -0.881675 0.816952 0.580848 -0.176204 -0.432914 
-3.4053 0.761838 1.27048 -0.277317 -0.497881 2.74945 -0.203723 0.11559 -0.624515 -3.35794 -1.90057 -0.249246 0.434238 1.01369 2.60223 1.44005 0.679993 1.2158 0.588969 1.13944 4.30322 3.9275 2.8654 1.81903 -2.32594 
1.01508 0.161084 1.55599 1.69046 -0.558746 -0.506844 -1.27847 0.101489 -0.159363 0.319994 3.62881 1.78454 3.23136 1.22052 -0.642072 -0.303828 0.967122 1.24596 0.422708 -0.824961 -0.0367266 -1.32826 -1.92789 -2.87914 2.87423 
4.93167 0.613965 -0.830442 1.1667 2.57632 -0.102839 1.0872 1.28664 2.98505 4.51539 2.47969 1.53305 0.102694 -0.527744 -2.56175 0.997975 0.335655 -0.576242 -0.913849 -3.26723 -0.935487 -1.77235 -1.5563 2.85219 5.46955 
5.6992 0.687105 -1.97602 -4.66059 -7.87089 -0.342953 2.7311 3.24655 3.52841 2.78386 -1.13092 -2.87687 -2.66911 -3.89099 -4.80263 -2.15113 -0.807585 -0.686743 0.225269 -1.13627 -1.57711 -0.397545 -0.898563 -1.00458 -0.187062 
0.863296 -0.426436 -1.62633 -0.755492 1.16 0.191119 -0.105593 0.00662562 1.18893 0.0379761 1.20999 0.0584062 -0.713734 -0.834511 -1.87945 2.22085 1.03085 -1.3222 -1.47337 3.13204 5.44069 0.404072 0.698898 -0.185951 -8.44204 
-0.525823 0.254257 0.654641 -0.394075 -0.728671 0.193763 -0.998823 0.832072 -0.245057 0.0245652 -0.311721 -0.47189 -0.418015 0.667296 -0.751219 0.268832 -0.903333 -0.0851589 -0.248653 -0.693389 0.419292 0.23068 -1.08551 0.450935 -0.05736 
-0.486337 -0.203333 -0.380555 0.00922528 0.420967 0.677794 -0.543498 -0.0782859 -0.261737 -0.909309 -0.876912 -0.623209 0.100475 0.627918 -0.192428 0.617729 -0.481576 -0.713608 -0.372563 0.766272 -0.0366177 -0.523388 -0.408998 -0.162971 0.380802 
0.745486 0.877929 1.78117 0.327847 -2.36654 1.58949 -1.72287 -3.18791 -1.76028 2.19764 1.22186 0.126299 2.43122 2.83228 2.57243 -1.50392 -0.590068 -2.77776 -4.25712 -3.53869 1.35155 1.48427 3.12171 2.54769 1.57311 
1.32067 0.947585 1.06257 0.45847 -1.38566 -1.51136 -1.1503 0.594306 0.114459 0.920031 1.05881 1.82256 2.59484 2.91669 1.32833 -2.95295 -1.40294 -0.728128 -1.24097 -1.59034 2.28194 2.01867 1.2709 1.05588 2.88277 
2.17709 0.596813 0.55749 1.41874 1.37806 -0.0844661 -0.0214212 0.234351 0.969533 2.72902 1.58439 0.900849 0.762355 0.71857 2.9546 1.70023 -1.5722 -2.05925 -0.858729 -1.39852 -3.26643 -0.995571 1.13181 2.5039 3.09286 
0.224682 0.821493 0.462829 0.660219 1.95752 1.56061 1.34663 0.596446 0.989168 0.313969 2.28897 2.54101 0.528322 0.643143 1.09274 2.19265 0.399589 1.46038 1.56211 2.69112 -1.13134 -0.561876 0.615203 1.56117 2.36253 
-3.41893 -0.547151 -0.917298 1.46701 0.825389 0.451692 -0.800723 -1.47696 -0.0518939 0.774427 1.21209 0.764469 0.470769 -0.624124 -0.187358 0.44035 0.214561 0.374882 -0.135948 0.558263 -1.63432 -1.94046 -0.313832 0.0277414 -0.245159 
0.13304 -0.686509 0.759168 -0.0716218 -2.70599 -1.59782 0.610701 1.06813 0.221939 -0.849804 -0.706875 -1.59776 -1.14826 0.51558 2.93047 2.4093 2.42316 0.623382 0.218604 -0.803022 -2.56753 -0.060322 0.675282 2.05443 2.26345 
0.93407 -0.956674 -0.988843 -2.10318 -3.12029 4.5288 0.981594 -0.804262 -1.28713 -2.48059 2.49394 1.27014 -0.670399 -1.24595 -1.5436 -4.81851 -3.8427 -4.77172 -7.51336 -9.33269 0.00416127 0.187842 -1.82885 0.150586 4.90381 
-0.447651 1.7386 1.19806 2.15709 2.10871 2.25051 1.46838 0.618811 -0.367183 1.25823 1.96808 2.78715 1.51246 0.431791 -0.973291 0.36628 1.67364 0.647073 2.24264 2.81772 1.0315 0.630593 0.248526 0.771292 1.94536 
2.02339 1.2781 0.36123 0.697923 1.72782 4.62517 2.35148 1.63236 0.446929 0.106833 0.931461 -1.48483 -0.914043 0.683599 0.815188 1.83177 1.27112 0.997055 -0.864659 0.205192 -0.703629 -0.840477 0.182077 -2.15706 -0.356179 
-0.748156 -0.252676 -0.733413 -0.476275 -0.747938 -0.594365 0.50105 -0.8581 -0.0821725 0.926487 -0.530648 -0.604964 0.367892 -0.837347 0.708473 -0.694875 -0.759647 0.618248 0.888385 -0.908959 -0.879475 0.659444 -0.717641 0.602336 -0.545023 
2.39148 -0.47143 -0.477946 -0.370784 1.70331 -0.294979 -2.73202 -3.28344 -2.62471 1.29184 4.60262 3.0586 1.99549 -0.111504 -2.15705 -5.8782 -4.00254 -2.74541 -1.96567 1.45923 0.667855 0.202375 -2.01668 -1.8952 0.106956 
0.229615 0.147104 -0.175371 -0.679678 -0.0622377 0.165081 0.164491 -0.59093 -1.04572 0.885277 -0.619609 0.254628 0.093699 -0.275035 -0.788753 -0.131641 -0.754558 0.1313 0.0384591 -0.0811603 0.729441 -0.867179 -0.291619 -0.813366 -0.422525 
/ 
50 50 relu 
0.320961 2.14091 1.86222 0.389235 0.658946 1.19596 0.679592 -3.01656 3.50527 0.108188 1.41045 -1.52887 2.13077 0.539052 -1.01382 3.07619 0.553139 -0.749273 0.0899186 0.548663 2.02611 2.00676 3.37948 0.394031 0.38886 -1.53815 0.479531 -1.1032 -1.04454 -0.292359 0.626296 2.18274 -0.125462 1.81723 0.37969 -0.199957 0.154402 0.270935 -0.219442 1.09831 1.65213 -0.596837 1.012 -1.85033 -0.235948 -3.01365 0.581939 -0.723996 0.0469884 -0.187978 
0.300412 1.85646 1.69129 0.383663 -0.389102 1.36877 1 -3.00038 3.34744 0.210949 1.5849 -1.34004 2.09198 0.715385 -1.07514 2.90465 0.557499 -0.785021 0.163143 0.607673 2.00693 2.1487 3.46386 -0.689484 0.360979 -1.72761 -0.508515 -1.1467 -1.24817 -0.0669608 -0.861335 2.00434 -0.0399638 1.84573 0.151425 -0.123423 0.323976 -0.199602 -0.16955 1.17439 1.57694 -0.713594 1.14976 -1.86175 -0.462537 -3.04755 0.687257 -0.313021 -0.0192737 -0.622286 
0.327333 1.57341 1.47466 0.410303 -0.202664 1.48529 -0.247446 -3.04772 3.27823 0.240848 1.67355 -1.20969 2.16147 0.837769 -1.16124 2.81983 0.555705 -0.916018 0.270375 0.737217 1.99358 2.28822 3.51044 -0.732544 0.2498 -1.90216 -0.109946 -1.19775 -1.39365 0.0690997 0.994513 1.76216 0.0600864 1.80298 -0.185913 -0.0125577 0.312862 0.951636 -0.0870416 1.2062 1.61005 -1.0744 1.15885 -1.75155 0.156325 -2.75913 0.733935 0.898788 -0.14455 -0.420794 
0.342187 1.30963 1.20919 0.468944 -0.168825 1.55622 0.628449 -3.07848 3.24169 0.217411 1.78305 -1.09757 2.4197 0.914898 -1.24881 2.77655 0.569289 -1.06288 0.434892 0.932607 2.13002 2.41608 3.47933 -0.0432349 0.105051 -2.0219 0.739867 -1.29073 -1.52641 0.0901602 0.883969 1.53901 0.330091 1.68541 -0.454796 0.162659 -0.668997 -0.767942 -0.0625402 1.1788 1.78454 -1.68645 0.810146 -1.55366 0.328105 -2.2336 0.796603 0.0948025 -0.393651 0.00834849 
0.440616 1.09666 0.99441 0.442351 -0.0121613 1.62726 -0.335375 -3.05528 3.12883 0.198771 1.89742 -0.963564 2.46189 0.988395 -1.35317 2.73774 0.580135 -1.12903 0.577603 1.01519 2.17297 2.52829 3.43321 0.0680778 -0.00260061 -2.10834 -0.192179 -1.31652 -1.65752 0.21447 -0.628419 1.38347 0.489829 1.69593 -0.667099 0.271304 -0.630656 -0.0928165 0.0194408 1.12323 1.72418 -1.83142 0.788812 -1.50694 0.656598 -2.16301 0.865879 -0.33286 -0.455049 -0.257788 
0.51315 1.02191 0.808679 0.337489 0.227881 1.71778 -0.329794 -3.02731 3.01941 0.174283 2.05334 -0.832012 2.42758 1.07656 -1.47206 2.61357 0.602917 -1.14739 0.72745 1.07633 2.2272 2.5891 3.45233 -0.753114 -0.166544 -2.13661 0.569317 -1.41832 -1.78645 0.324953 -0.12479 1.22092 0.546404 1.73536 -0.722614 0.387052 0.341064 0.128229 0.0758831 1.16816 1.60198 -1.79215 0.827879 -1.45641 0.870987 -2.22335 1.00783 0.491044 -0.466062 0.558268 
0.644479 0.912762 0.627608 0.232177 -0.589128 1.7594 0.00671518 -2.99406 2.93169 0.0961304 2.14075 -0.762592 2.45295 1.15293 -1.55239 2.58793 0.624495 -1.14516 0.85916 1.114 2.26508 2.64492 3.40185 -0.596801 -0.227035 -2.19013 0.794996 -1.50541 -1.90085 0.399808 0.544729 1.0391 0.677867 1.72649 -0.879568 0.492389 -0.459425 -0.0150519 0.165178 1.15097 1.49496 -1.93026 0.975341 -1.31528 1.15606 -2.08358 1.15129 0.821706 -0.475537 -0.162461 
0.770169 0.846967 0.416044 0.184826 -0.250373 1.82843 0.613403 -2.87162 2.76118 0.00491473 2.22255 -0.681073 2.6882 1.22165 -1.68803 2.63464 0.617097 -1.20024 1.09078 1.22544 2.38742 2.67503 3.26811 -0.172881 -0.417272 -2.19132 -0.568685 -1.57303 -2.02233 0.485279 -0.310357 0.842798 0.794902 1.79267 -0.95735 0.638648 -0.955569 0.961301 0.271905 1.10292 1.26799 -1.90237 0.651857 -1.16124 1.41447 -2.05948 1.23766 -0.853923 -0.570785 -0.206169 
0.926089 0.74049 0.218872 0.0895799 0.933288 1.85237 0.179272 -2.76173 2.64827 -0.147289 2.22471 -0.665098 2.77231 1.28175 -1.76559 2.5543 0.599925 -1.16109 1.20536 1.26086 2.42913 2.71115 3.23752 -0.846144 -0.505783 -2.13271 -0.800501 -1.66119 -2.10101 0.541749 -0.122838 0.60005 0.975972 1.73847 -1.07407 0.770935 0.603502 0.973866 0.378029 1.0506 1.14401 -2.15203 0.745493 -0.892702 1.69554 -1.75991 1.39393 -0.654146 -0.597541 -0.220627 
1.0938 0.688089 0.0128951 -0.00588053 0.830966 1.88295 0.928393 -2.62809 2.52715 -0.328902 2.17392 -0.665368 2.85671 1.33884 -1.83531 2.53576 0.566892 -1.12693 1.36452 1.29133 2.46011 2.73702 3.14441 0.622008 -0.634411 -2.02989 0.0969173 -1.74563 -2.1473 0.615844 0.365519 0.322434 1.09985 1.71239 -1.06745 0.879798 0.957307 0.984624 0.510963 1.03277 0.89344 -2.28991 0.800098 -0.613686 1.95322 -1.52288 1.56294 -0.672127 -0.572814 -0.58293 
1.28654 0.681645 -0.189846 -0.0820132 -0.636775 1.94946 0.522879 -2.47087 2.38434 -0.522556 2.13764 -0.655219 2.97171 1.3841 -1.93456 2.49858 0.534348 -1.09018 1.53476 1.32627 2.49847 2.76501 3.04778 -0.148501 -0.800801 -1.90759 0.389716 -1.81062 -2.21176 0.709613 0.177856 0.0656357 1.17541 1.75598 -0.980963 0.955602 -0.998384 0.326533 0.678461 0.985013 0.556175 -2.2246 0.744393 -0.387783 2.1626 -1.47277 1.69879 -0.989637 -0.515303 -0.857333 
1.51074 0.624441 -0.413129 -0.144285 -0.402616 1.97061 -0.408285 -2.35307 2.30488 -0.747902 2.02493 -0.694798 3.15312 1.4583 -1.988 2.51025 0.513554 -1.07979 1.69916 1.41394 2.55308 2.78063 2.9248 -0.687167 -0.903807 -1.76991 0.555606 -1.93064 -2.23346 0.799554 -0.158311 -0.200711 1.32045 1.70192 -0.883291 0.998225 0.562194 -0.633326 0.84567 0.934716 0.369156 -2.52792 0.601596 -0.0803257 2.36515 -1.08011 1.85816 0.891926 -0.537554 -0.225767 
1.72145 0.681132 -0.572115 -0.253076 -0.726759 2.09622 -0.913018 -2.15931 2.1392 -0.961819 1.98323 -0.648974 3.21567 1.52802 -2.12231 2.48691 0.47033 -0.981791 1.91854 1.41172 2.56143 2.78455 2.78766 0.94551 -1.05754 -1.69583 0.647015 -2.00932 -2.30973 0.973929 0.189279 -0.417163 1.27799 1.81883 -0.676633 0.985849 0.252464 -0.768919 1.06712 0.830347 -0.0189942 -2.13465 0.584194 0.0312865 2.47687 -1.32205 1.97081 0.197559 -0.377116 -0.824628 
1.94564 0.653318 -0.709363 -0.342168 0.623179 2.16826 0.430921 -2.00251 2.04899 -1.20826 1.83053 -0.68282 3.16915 1.61799 -2.19663 2.54339 0.453943 -0.92767 2.04961 1.42309 2.54077 2.76323 2.64476 0.461614 -1.13282 -1.55102 0.089981 -2.09433 -2.33324 1.08691 -0.940195 -0.646159 1.32063 1.82438 -0.46365 0.918407 0.539589 -0.832147 1.30919 0.673315 -0.241098 -2.16047 0.671549 0.264219 2.64503 -1.12242 2.04259 -0.442873 -0.305865 0.428078 
2.11926 0.690183 -0.799521 -0.420688 0.155847 2.26031 -0.298063 -1.78654 1.91294 -1.42214 1.74351 -0.666476 3.19677 1.71451 -2.32095 2.61372 0.451507 -0.839733 2.23778 1.42568 2.56836 2.68694 2.48248 -0.656128 -1.19765 -1.48932 0.37376 -2.15794 -2.38528 1.24301 -0.949858 -0.805332 1.22192 1.89875 -0.206261 0.844928 -0.936455 0.187958 1.53326 0.504472 -0.479207 -1.83126 0.541187 0.38768 2.74515 -1.2349 2.04218 -0.869545 -0.226635 0.567393 
2.27554 0.69581 -0.875694 -0.493717 0.282849 2.30809 -0.306818 -1.60115 1.83825 -1.64704 1.60503 -0.690711 3.17943 1.81961 -2.41247 2.65322 0.479176 -0.773718 2.3783 1.44308 2.57611 2.59928 2.34683 0.155963 -1.2029 -1.39898 -0.759209 -2.23623 -2.38284 1.37794 0.0960189 -0.96158 1.13818 1.89806 0.0651812 0.740424 0.178364 -0.898031 1.73973 0.351575 -0.599399 -1.7205 0.438285 0.560228 2.84516 -1.1381 2.04217 -0.656542 -0.199334 0.926888 
2.40608 0.684742 -0.892055 -0.594062 0.353473 2.37247 -0.151372 -1.39344 1.7628 -1.87789 1.45702 -0.704042 2.95494 1.92832 -2.52171 2.75731 0.529191 -0.693895 2.46617 1.41369 2.53094 2.50156 2.20376 0.0921339 -1.19264 -1.26907 0.280653 -2.27891 -2.37484 1.51431 0.0297241 -1.07262 1.03344 1.92831 0.410048 0.578038 0.263165 -0.608004 1.97839 0.112534 -0.706513 -1.4582 0.505176 0.675973 2.92809 -1.17093 1.99109 -0.531978 -0.144142 0.0798323 
2.49485 0.645075 -0.878499 -0.644147 -0.576543 2.35034 -0.285676 -1.19433 1.71206 -2.07559 1.31767 -0.757924 2.96117 2.04143 -2.58922 2.81457 0.63032 -0.651226 2.54209 1.43796 2.54765 2.34868 2.0952 0.604871 -1.09103 -1.22692 0.11358 -2.3182 -2.33573 1.60831 0.159934 -1.14657 0.938435 1.89963 0.655151 0.429148 0.375899 -0.752432 2.16013 -0.092019 -0.708153 -1.38981 0.284 0.839761 3.0425 -0.994484 1.89446 0.756422 -0.241575 -0.215802 
2.52489 0.630025 -0.821301 -0.72375 0.620974 2.36583 0.961872 -0.943458 1.64781 -2.28873 1.17034 -0.763302 2.80733 2.15087 -2.68987 2.91864 0.747974 -0.599065 2.6007 1.41175 2.53682 2.16505 1.99929 -0.604782 -0.984049 -1.14959 -0.429847 -2.3423 -2.26556 1.74524 -0.536116 -1.17235 0.772694 1.91211 0.954988 0.218219 -0.419363 0.349145 2.32617 -0.309139 -0.727856 -1.0792 0.150417 0.939529 3.10441 -1.05495 1.78364 0.935335 -0.2836 0.793115 
2.48455 0.634697 -0.711366 -0.782624 -0.314281 2.34464 0.0201485 -0.653035 1.56287 -2.45673 1.03528 -0.748613 2.68991 2.24785 -2.78485 2.94543 0.899724 -0.546225 2.6603 1.37363 2.57298 1.92449 1.96169 -0.502801 -0.857954 -1.08516 -0.208942 -2.34103 -2.15732 1.88701 0.845115 -1.14493 0.554529 1.93581 1.28893 -0.00919914 0.0358536 0.647338 2.42943 -0.485706 -0.753185 -0.667334 -0.145159 1.00166 3.14822 -1.1926 1.62958 0.0317514 -0.371038 0.113333 
2.40971 0.58356 -0.531505 -0.847811 0.0471315 2.28974 0.254738 -0.37958 1.52635 -2.61464 0.854828 -0.79112 2.39629 2.34138 -2.82596 2.95956 1.07619 -0.488342 2.58897 1.26079 2.551 1.68373 1.97374 -0.825307 -0.625507 -1.00166 -0.14553 -2.30937 -1.99994 1.99787 0.0150169 -1.10125 0.369419 1.89563 1.55545 -0.307888 -0.178461 -0.0374751 2.50055 -0.675155 -0.677833 -0.431373 -0.0999485 1.08952 3.22335 -1.15762 1.4399 0.486283 -0.425737 -0.28379 
2.27447 0.573843 -0.346223 -0.865845 -0.686476 2.20365 0.570988 -0.0496197 1.43335 -2.7265 0.732465 -0.80023 2.30596 2.42019 -2.86494 2.98924 1.27849 -0.453393 2.58065 1.19692 2.6363 1.37209 1.96011 0.996088 -0.438305 -0.929685 -0.432865 -2.25279 -1.84723 2.11176 0.628641 -0.982502 0.138458 1.90909 1.83499 -0.586927 0.161429 0.360729 2.50102 -0.837316 -0.643493 -0.0363988 -0.518654 1.13317 3.25238 -1.25943 1.18867 -0.807985 -0.55402 -0.742287 
2.11859 0.546392 -0.120573 -0.902188 0.375232 2.12315 0.347207 0.247046 1.37814 -2.82514 0.555045 -0.856896 1.91087 2.48185 -2.859 3.02924 1.47728 -0.411321 2.47401 1.05122 2.61667 1.112 1.9681 0.870738 -0.248546 -0.778236 -0.162855 -2.1733 -1.63944 2.20871 0.193871 -0.880646 -0.0624918 1.8976 2.15352 -0.939142 0.106789 -0.206987 2.49458 -0.981862 -0.622068 0.286516 -0.493758 1.16891 3.27542 -1.31355 0.961275 -0.765052 -0.573872 -0.874181 
1.94654 0.541352 0.084815 -0.920988 -0.263768 1.96906 0.68373 0.535767 1.29984 -2.84766 0.429947 -0.896413 1.74399 2.51838 -2.80105 2.97389 1.68979 -0.357717 2.39921 0.944665 2.66736 0.816204 2.01616 -0.667899 -0.0568534 -0.666484 -0.753611 -2.09557 -1.41118 2.27877 -0.619908 -0.723491 -0.23459 1.87313 2.41825 -1.24875 -0.0386332 -0.545435 2.38446 -1.04997 -0.571531 0.543629 -0.786983 1.18924 3.25468 -1.33546 0.739978 -0.631575 -0.653724 0.775843 
1.77467 0.490896 0.311526 -0.94708 0.89397 1.76404 -0.280619 0.747956 1.29069 -2.85646 0.233127 -0.968528 1.37545 2.53446 -2.62465 2.93392 1.90656 -0.289207 2.22751 0.776367 2.63214 0.529341 2.06514 -0.740296 0.170794 -0.467774 -0.211145 -2.01168 -1.10899 2.29242 0.880061 -0.559467 -0.325426 1.75779 2.6263 -1.63112 -0.209298 0.345479 2.23135 -1.06947 -0.458755 0.512068 -0.70823 1.23335 3.23939 -1.09829 0.563104 -0.824161 -0.666568 0.152168 
1.61794 0.418643 0.494848 -0.932123 -0.0122195 1.50802 -0.980871 0.985462 1.20846 -2.78577 0.114522 -1.03179 1.25729 2.54253 -2.41886 2.90216 2.12667 -0.253468 2.11692 0.704251 2.69224 0.200677 2.08945 -0.574692 0.299307 -0.347984 0.207948 -1.92674 -0.827307 2.24706 -0.883674 -0.326536 -0.296123 1.67057 2.81167 -1.94145 -0.401732 0.847029 2.00402 -1.11259 -0.312166 0.382059 -1.11253 1.30301 3.20197 -0.796415 0.350979 -0.0194559 -0.81401 -0.423732 
1.47215 0.363764 0.686024 -0.961189 -0.833276 1.22085 -0.691136 1.15257 1.15541 -2.67255 0.0133777 -1.07809 1.13285 2.50119 -2.14769 2.80018 2.3238 -0.167777 1.99884 0.576647 2.70466 -0.0685652 2.11652 0.0751312 0.45984 -0.231201 0.629834 -1.81365 -0.523541 2.18931 0.378817 -0.0855286 -0.281275 1.55395 2.99612 -2.24937 0.0522067 -0.631617 1.73256 -1.08302 -0.189128 0.31548 -1.28253 1.26882 3.14331 -0.598999 0.200879 -0.87772 -0.817865 -0.253275 
1.35621 0.284255 0.894329 -1.00487 0.828581 0.937418 -0.903435 1.3084 1.0713 -2.53687 -0.0467561 -1.0864 0.945287 2.43886 -1.84407 2.70168 2.49679 -0.0513214 1.88281 0.431342 2.70368 -0.322669 2.1254 -0.369456 0.540545 -0.0900044 0.24742 -1.65317 -0.27199 2.10628 -0.0512505 0.210903 -0.227379 1.48329 3.22953 -2.5371 -0.513172 -0.0898429 1.47682 -1.14454 -0.0922847 0.397733 -1.41554 1.13641 3.0573 -0.553034 0.0183102 -0.558722 -0.766026 -0.708252 
1.32467 0.0887594 1.03168 -1.03787 0.582576 0.58976 -0.201881 1.32569 1.09727 -2.40587 -0.186169 -1.14452 0.772501 2.37329 -1.45584 2.67066 2.65548 0.0286183 1.7151 0.319506 2.66222 -0.523417 2.09436 0.0343956 0.75831 0.0324441 -0.370545 -1.52512 0.00404879 1.92866 -0.5418 0.467094 0.00760655 1.24459 3.26076 -2.81635 -0.763783 -0.22571 1.2297 -1.23646 0.259108 -0.145533 -1.37693 1.13266 3.02748 0.043182 -0.12129 0.744762 -0.76414 0.848426 
1.29986 0.00901383 1.17562 -1.13351 0.304163 0.335269 0.410439 1.36728 1.02595 -2.20685 -0.206656 -1.03209 0.458727 2.26352 -1.13013 2.54689 2.74685 0.212739 1.61857 0.102819 2.57653 -0.689306 2.0748 -0.633106 0.883566 0.140887 0.134743 -1.36717 0.20401 1.8339 -0.0301425 0.769993 0.0925873 1.12178 3.43335 -3.03404 -0.720484 -0.877394 0.972573 -1.31425 0.472822 -0.0420357 -1.16149 0.891931 2.85884 -0.0394439 -0.212585 0.624007 -0.529651 -0.781264 
1.3063 -0.147948 1.28253 -1.19577 0.0750452 0.00899444 -0.633597 1.35491 0.970271 -1.98609 -0.234532 -0.955662 0.393886 2.13572 -0.773142 2.53744 2.83476 0.362796 1.55999 -0.0339244 2.54863 -0.831092 1.94816 -0.108504 1.0569 0.149357 0.435085 -1.19787 0.409929 1.64052 0.231198 1.07411 0.329785 0.96728 3.44338 -3.22465 -0.231896 -0.625746 0.750085 -1.49443 0.762503 -0.18802 -1.21575 0.712797 2.77677 0.124997 -0.329328 0.22963 -0.408311 -0.679467 
1.37188 -0.35843 1.39369 -1.30922 0.254469 -0.31648 0.379988 1.29363 0.94714 -1.77791 -0.309603 -0.833598 0.235298 2.01694 -0.36597 2.54546 2.89575 0.5441 1.42877 -0.235881 2.45244 -0.974572 1.83239 -0.920968 1.28388 0.188251 0.635262 -1.03459 0.545352 1.41604 -0.670378 1.38175 0.645198 0.738816 3.37521 -3.343 0.0630043 0.857288 0.51021 -1.70106 1.18217 -0.520656 -0.951155 0.555139 2.73131 0.440018 -0.421808 -0.548603 -0.232599 -0.801246 
1.41962 -0.528842 1.49444 -1.43502 -0.562998 -0.652416 -0.00931068 1.26841 0.858828 -1.55627 -0.349281 -0.630451 0.142766 1.8743 0.0198464 2.53104 2.92628 0.761319 1.38371 -0.429837 2.37034 -1.12487 1.68009 0.771959 1.44714 0.205873 -0.973378 -0.851702 0.640669 1.22149 -0.495436 1.68202 0.901926 0.557096 3.32448 -3.31437 0.511847 -0.943992 0.250974 -1.87971 1.48985 -0.577116 -0.839165 0.330351 2.67249 0.502316 -0.492485 0.37919 -0.00460553 -0.438353 
1.44549 -0.681816 1.53105 -1.52521 -0.669704 -1.00682 -0.615981 1.20992 0.749804 -1.30239 -0.315202 -0.369936 0.257291 1.71938 0.390727 2.54153 2.94113 0.951745 1.43777 -0.563372 2.32194 -1.26725 1.42176 0.198528 1.6113 0.147664 0.963966 -0.688959 0.695142 1.03971 -0.129866 1.94278 1.12361 0.34212 3.22599 -3.13792 0.0750958 -0.553625 -0.0333938 -1.95223 1.78542 -0.658181 -0.970649 0.109685 2.61239 0.567223 -0.502894 -0.0242175 0.190709 0.545792 
1.45325 -0.831821 1.59465 -1.63365 -0.60766 -1.31805 -0.503091 1.1545 0.615838 -1.05511 -0.297608 -0.0962514 0.228323 1.54276 0.735762 2.47963 2.92468 1.18125 1.46809 -0.760561 2.19875 -1.36964 1.20669 0.394073 1.77793 0.103795 -0.475677 -0.5 0.750476 0.880368 0.539939 2.15718 1.30653 0.157873 3.10058 -2.95536 -0.913565 0.105542 -0.277531 -2.02804 1.98354 -0.580788 -0.808868 -0.137101 2.58038 0.492391 -0.497654 -0.977977 0.498351 -0.867906 
1.41589 -0.925076 1.68379 -1.78451 -0.909224 -1.53526 -0.162632 1.12671 0.443809 -0.819706 -0.302928 0.236176 -0.0500309 1.33338 1.02445 2.43573 2.87138 1.45962 1.50964 -1.063 1.99336 -1.42381 0.951543 0.131605 1.90644 0.0880429 -0.611973 -0.293737 0.845735 0.790427 -0.915173 2.31065 1.38355 0.033458 3.04863 -2.81727 0.933419 0.486046 -0.483337 -2.05437 1.99386 -0.134238 -0.284708 -0.461208 2.51101 0.0675223 -0.424936 0.107604 1.03128 -0.401172 
1.36626 -1.11073 1.71358 -1.85255 0.879416 -1.81859 -0.363509 1.04834 0.329533 -0.607265 -0.34063 0.462275 -0.0718177 1.1669 1.32945 2.38429 2.84615 1.66104 1.5598 -1.22546 1.85901 -1.47971 0.690265 -0.00796538 2.07439 0.0744219 0.129201 -0.135783 0.866457 0.612755 -0.688758 2.40598 1.61997 -0.192075 2.81591 -2.54993 0.16369 0.797683 -0.680471 -2.09377 2.16913 -0.280985 -0.103202 -0.587527 2.53136 0.230735 -0.38296 0.990916 1.32248 -0.284524 
1.27047 -1.22109 1.73 -1.88539 -0.350166 -2.04802 0.111465 1.01317 0.156599 -0.389938 -0.364547 0.697085 -0.0411087 0.996953 1.56228 2.35692 2.81246 1.84456 1.71706 -1.33515 1.75048 -1.5283 0.342525 0.441322 2.13567 0.0763885 -0.931632 0.0145447 0.860344 0.491274 -0.729199 2.45537 1.75507 -0.322168 2.63234 -2.22615 -0.981829 0.0573487 -0.85315 -2.06036 2.14965 -0.175827 -0.160686 -0.73585 2.52505 0.175948 -0.33611 -0.0113557 1.61012 -0.836525 
1.16764 -1.30308 1.71648 -1.94126 -0.0951339 -2.26261 -0.19604 0.953254 -0.0186273 -0.157065 -0.385028 1.01232 -0.0756257 0.788572 1.77657 2.23511 2.75341 2.05437 1.88223 -1.48399 1.59088 -1.55123 0.0192931 -0.607847 2.19173 0.0648751 -0.635875 0.132346 0.940335 0.452538 -0.303928 2.43823 1.80073 -0.512014 2.50681 -1.87334 0.297083 -0.589481 -1.04535 -1.85652 2.08363 -0.0277515 -0.0574302 -0.897598 2.44533 0.0248246 -0.141008 -0.107051 2.00241 -0.880017 
1.0117 -1.43071 1.80471 -1.99795 -0.909091 -2.41895 -0.870369 0.911136 -0.187445 0.0362461 -0.436372 1.22066 -0.363718 0.596104 1.97846 2.21266 2.72024 2.2522 1.93654 -1.68564 1.34811 -1.5246 -0.392065 0.475201 2.17281 0.142812 0.217502 0.293653 0.993906 0.390585 0.512883 2.39465 1.86743 -0.643775 2.42573 -1.62355 -0.774471 0.199067 -1.15952 -1.74086 1.916 0.191116 0.44463 -1.05926 2.41205 -0.144707 0.00128015 0.626565 2.47901 0.0565907 
0.856317 -1.56511 1.80418 -1.98332 0.501982 -2.61138 0.918813 0.823578 -0.329181 0.236889 -0.531347 1.40937 -0.406029 0.423978 2.16303 2.1664 2.69229 2.37735 2.08008 -1.73173 1.17309 -1.50554 -0.783843 -0.960043 2.11842 0.225081 -0.328546 0.38119 1.05613 0.347249 -0.143508 2.31073 1.94567 -0.8412 2.31511 -1.27672 -0.992386 -0.153304 -1.29137 -1.50684 1.82922 0.0713603 0.481306 -1.12541 2.34838 -0.0283535 0.189096 -0.0479593 2.74746 0.149774 
0.690156 -1.66626 1.81635 -1.95269 -0.481538 -2.74705 0.886737 0.752042 -0.490302 0.429334 -0.614215 1.58002 -0.496773 0.251033 2.2832 2.1029 2.65626 2.48748 2.21757 -1.77223 0.974079 -1.44524 -1.19867 -0.383748 2.00879 0.301102 -0.516834 0.473738 1.09048 0.353703 0.1312 2.2025 1.94829 -0.98581 2.24454 -0.924731 0.0025997 -0.735456 -1.37906 -1.26623 1.66961 0.101718 0.563091 -1.21717 2.25628 -0.0712898 0.375839 0.632079 3.03771 0.141774 
0.530649 -1.76995 1.846 -1.90205 -0.664842 -2.84661 0.956642 0.693222 -0.637956 0.590356 -0.666397 1.71681 -0.733764 0.0535464 2.37137 2.01314 2.60868 2.56868 2.28057 -1.83324 0.733524 -1.35262 -1.5627 0.816571 1.84444 0.415415 -0.791529 0.567105 1.18448 0.394604 0.301252 2.05533 1.91629 -1.13855 2.24514 -0.578697 0.973671 0.390056 -1.42845 -1.0149 1.49053 0.12282 0.799911 -1.28352 2.15703 -0.116554 0.577674 0.801703 3.33239 -0.375505 
0.372494 -1.95789 1.86039 -1.81973 -0.750271 -2.97884 -0.583171 0.586888 -0.728458 0.737709 -0.763063 1.79618 -1.03051 -0.0981625 2.48269 1.93825 2.5896 2.57359 2.24485 -1.85728 0.469933 -1.25047 -1.85408 0.621425 1.71015 0.556628 -0.140555 0.627146 1.22088 0.38158 -0.00312868 1.88394 1.99231 -1.41967 2.22815 -0.241504 -0.993222 0.0727584 -1.49204 -0.769787 1.51643 -0.321436 1.10661 -1.22444 2.08445 0.262163 0.79595 -0.283519 3.50952 0.0370095 
0.234843 -2.0239 1.87859 -1.69546 -0.0150712 -3.02444 0.0586123 0.542686 -0.895855 0.901356 -0.866924 1.88994 -1.11915 -0.2684 2.5021 1.91993 2.55325 2.54326 2.33611 -1.81874 0.269897 -1.15591 -2.21963 -0.675915 1.44438 0.626851 -0.802474 0.714917 1.25714 0.440508 -0.117656 1.73492 1.90478 -1.4952 2.29513 0.0717123 -0.896332 -0.392637 -1.51691 -0.503137 1.28428 -0.279213 1.05833 -1.25898 1.98389 0.193917 0.933514 0.0703226 3.65042 -0.212396 
0.128712 -2.14435 1.9149 -1.6225 -0.63 -3.05418 0.776231 0.456071 -1.02166 1.05946 -0.967606 1.98911 -1.42974 -0.414315 2.52869 1.88157 2.51006 2.5437 2.30628 -1.846 -0.0268525 -1.03602 -2.47824 -0.560067 1.20414 0.721013 0.178308 0.782777 1.25823 0.503596 0.176549 1.6058 1.86103 -1.62316 2.37405 0.319479 0.606385 -0.0732474 -1.51811 -0.291309 1.1937 -0.368695 1.43949 -1.2959 1.88607 0.199365 1.10707 -0.731091 3.84917 -0.694519 
0.0344501 -2.20777 1.9503 -1.49276 -0.718393 -3.06474 -0.240944 0.41601 -1.18222 1.21958 -1.00247 2.06431 -1.4757 -0.529608 2.49018 1.9335 2.47984 2.47998 2.36135 -1.75712 -0.206559 -0.957195 -2.79136 -0.450345 0.896613 0.762785 -0.43764 0.854206 1.16754 0.581352 -0.222866 1.52721 1.73301 -1.64853 2.44911 0.646394 -0.318175 0.232531 -1.52713 -0.102375 1.08944 -0.297831 1.31552 -1.35428 1.822 0.071729 1.15724 0.134202 3.86111 -0.394394 
-0.0530879 -2.30815 2.05356 -1.40588 -0.647213 -3.06434 0.584049 0.364718 -1.31272 1.35949 -1.10654 2.12993 -1.96343 -0.667206 2.47594 1.90072 2.4303 2.46292 2.27829 -1.80567 -0.464632 -0.847427 -2.95818 0.537437 0.626976 0.88008 0.940357 0.96555 1.15006 0.665565 0.544393 1.42622 1.58246 -1.71467 2.58662 0.892504 0.0092053 -0.197354 -1.51068 0.0499756 1.00828 -0.209535 1.77668 -1.43005 1.79741 -0.0586117 1.21084 0.721657 4.00664 0.828773 
-0.104052 -2.38774 2.1158 -1.28004 -0.804922 -3.10101 0.84495 0.307127 -1.40573 1.49193 -1.22373 2.15915 -2.15367 -0.77896 2.44889 1.93379 2.38976 2.37592 2.24185 -1.74438 -0.630758 -0.757944 -3.12718 0.956791 0.348505 0.975051 -0.338381 1.02631 1.1345 0.764162 -0.644662 1.32109 1.42979 -1.80353 2.6873 1.1748 0.0550572 0.565366 -1.54474 0.273578 1.01369 -0.338519 1.8326 -1.42899 1.80348 -0.0102973 1.25049 -0.911047 3.95613 -0.103411 
-0.143384 -2.39814 2.21704 -1.16766 0.19121 -3.0701 -0.244164 0.324572 -1.55473 1.6127 -1.25958 2.18712 -2.34939 -0.873973 2.33517 1.98626 2.34183 2.30828 2.23662 -1.71567 -0.789023 -0.664274 -3.33464 0.97588 0.0410513 0.998645 0.985475 1.12742 1.04945 0.896773 -0.51352 1.2575 1.18648 -1.73018 2.76726 1.45683 0.835991 -0.658498 -1.53159 0.387088 0.897297 -0.0189173 1.91199 -1.52885 1.82525 -0.3607 1.18098 -0.0541234 3.96379 0.668352 
/ 