25 50 relu 
-0.770195 0.165455 -0.378512 -0.430535 0.58715 2.72649 0.0530806 0.586597 1.29201 1.28369 -4.08144 -1.94365 -0.0743422 1.387 0.646067 0.222178 0.512297 -0.0595566 0.806129 6.46468 5.20018 1.17261 0.861985 1.58475 -8.66444 
0.0549582 -0.403065 0.407953 1.07002 0.528357 2.51567 1.01299 -0.371797 -1.75778 -1.79333 0.377248 0.969108 0.0646234 -0.0278746 2.7532 0.734419 0.758588 2.604 1.87637 0.693889 -1.41853 -2.24214 -1.35155 1.59727 -4.9309 
-0.135119 -0.27952 0.505455 0.940778 0.988738 1.8595 0.702802 -1.43611 -1.4247 -1.01826 -0.778431 -0.470406 0.647804 0.43856 2.14205 -0.890772 0.647535 0.0165517 -1.77181 -1.47305 -2.27055 -2.5399 -1.36485 -2.30703 -1.32092 
-3.53404 -0.881547 -0.56939 1.02596 2.21939 1.00013 0.122797 1.31463 2.14985 4.78524 -0.77195 0.815002 1.18668 -0.0378653 0.703403 3.56184 1.84025 1.26699 0.900803 -3.64115 -5.44886 -2.33776 -1.4857 1.51489 2.9486 
-0.773451 0.0655872 0.524575 -1.02625 -0.0456859 -0.29626 0.602869 0.180014 -0.208922 0.465027 -0.034019 0.430905 -0.907488 -0.785073 0.227811 -0.762838 -0.823259 -0.448714 -0.990442 -0.167487 -0.945096 0.412031 0.854819 -0.558119 -0.697848 
-0.0917762 0.235072 0.997983 0.186329 -0.27745 1.78539 0.526986 0.214561 -1.76502 -0.420422 -1.12529 1.54761 0.823353 -0.0659981 -1.20444 -2.03304 1.09118 1.71466 0.299959 3.28378 3.24932 2.14488 2.41781 2.60897 -14.416 
-0.361501 0.258538 -0.746576 0.302507 0.243268 0.606146 -0.504316 -0.0471364 -0.221372 -0.593499 -0.94325 0.803347 -0.147005 -0.715958 0.894974 -0.179374 -0.737623 0.771297 -0.815653 -0.675603 -0.857873 -0.269322 -0.493885 -0.729781 0.566306 
-1.70979 0.277575 -0.633294 0.199035 -0.549825 -1.46496 -0.219836 0.556262 1.05477 2.73109 -2.5278 -0.290445 -1.0767 -1.0914 5.00523 4.04263 -0.967403 -2.05227 -3.7263 -5.41726 -2.67233 0.778539 -1.03524 2.81767 8.52653 
4.6278 -1.67761 -2.07701 -1.73991 3.36481 0.0203783 1.59065 -0.348299 -3.28998 -2.25223 2.97212 3.1542 3.40925 0.203836 -3.45742 -1.2203 -0.65472 -0.512237 1.61503 2.70394 -0.390807 -0.495877 -2.11442 -0.39568 -4.2551 
3.12485 -1.31725 -0.750832 -0.534371 -0.727277 2.81941 2.76898 1.00166 -1.57544 -4.88181 0.697903 2.2728 0.772301 -1.51189 1.56696 2.25251 -1.47405 0.301503 1.51484 6.35272 -4.69058 -1.84065 -0.372631 -1.6829 -2.63371 
-0.791895 -0.617972 1.91872 1.80446 -0.741522 -0.92946 1.78523 1.37299 -0.672455 -4.17797 2.34453 0.498109 -0.780336 -1.37051 -6.95225 -0.623596 1.31335 2.02827 2.4077 1.40646 -1.98825 0.946869 0.15889 -1.10418 -2.88988 
-2.29796 -2.95482 -2.25358 0.256982 4.19943 0.0591612 1.11209 -0.720047 -1.86798 -4.04052 -3.95695 -1.56544 -0.364003 2.38863 2.0508 -3.5002 -3.89148 -3.46162 -0.19515 2.63113 0.249565 1.85317 2.65685 1.31987 -1.39831 
-8.40888 -1.88371 0.199305 1.49884 2.63029 0.912582 -0.430305 -0.995659 -1.11808 -2.32018 -0.0735998 -0.175662 -2.14773 -2.11601 0.679487 5.05016 1.8419 1.32442 1.53313 -0.684236 -6.56193 -2.64853 -1.76546 0.649494 1.86475 
-3.08976 -2.28068 -0.659892 -0.688574 -3.10429 -4.8573 -3.70113 -2.19071 -1.91897 0.182543 2.63083 -0.786186 -4.14593 -3.7278 -0.196163 3.51885 2.59698 0.14041 -0.395409 -1.29731 -0.5355 1.61955 2.68468 1.20094 -2.98901 
0.0616094 -0.547846 -0.0793612 -0.0263795 0.185412 -2.47111 -1.04054 -1.33122 1.43192 2.67694 0.328313 -0.123031 -1.20798 -0.590445 -1.90686 -1.35444 -0.172572 -0.930929 0.922277 2.66874 -1.82942 0.278279 -0.441549 -0.630721 8.58809 
2.61973 -1.04279 -2.52529 -3.25093 -3.41542 -2.89602 -2.13298 -0.990193 -1.91972 -1.53664 -0.593694 -0.65939 2.16672 3.66095 4.12511 -5.85926 -4.00456 -3.93431 -0.927131 2.72861 -3.09875 -4.99406 -2.57855 1.94102 9.88259 
8.57587 0.517181 -1.00762 -2.07204 -1.22872 0.0105402 -4.01482 -6.35094 -6.14965 -4.88147 -3.50494 -3.57788 -2.29682 -1.63676 -0.341803 -7.43532 -3.3439 -0.233135 1.38936 6.52875 2.2021 -1.40344 -3.46214 -2.47077 -1.38422 
2.32149 0.271948 0.191752 0.398225 -1.40308 -3.42951 -3.23342 -2.03979 -3.79658 -2.33164 0.00283831 -0.714573 0.297822 0.758891 -0.387363 -4.697 -0.699657 1.21096 0.0268797 1.70525 3.91375 1.1288 -2.02925 -1.84437 1.30616 
3.92272 -0.798382 -0.512135 0.280192 2.16914 -0.0553098 0.115026 -1.18515 -2.26887 0.127887 -0.312786 -3.17575 -4.06635 -2.4451 -4.07176 -3.15207 -2.25814 -2.29144 -4.3647 -4.92598 -1.54542 -0.295343 -0.258638 0.773815 -1.65055 
4.48129 -0.914323 -1.28034 -3.17334 -2.93274 -0.7403 1.73096 2.43577 0.612529 -0.28842 2.38443 0.900531 -1.5574 -1.39017 1.90101 4.44376 -1.2181 -1.12821 0.622003 2.24038 -0.675417 0.304467 -0.211836 -0.953006 -6.53521 
-1.25906 -3.26596 -1.36999 -1.6675 -6.75082 -3.17061 0.124515 2.29955 -0.414421 -1.85195 3.2694 -0.613812 -0.136034 1.81356 2.9844 -6.59057 -2.15004 0.228284 0.339511 -4.49902 -0.030225 2.24373 0.657587 0.424918 0.266959 
-3.66395 1.05528 -0.263468 -0.0549419 1.5112 1.68123 -2.10278 -1.99958 -0.322403 0.904255 0.0379546 1.66159 -1.61884 -1.02836 -0.162544 -1.46379 0.636269 1.00735 -0.0407483 3.67989 2.42877 0.899758 0.982877 3.97762 9.54688 
-1.39925 -0.437365 2.01497 1.78731 -0.395975 -0.256859 0.579797 0.681975 -0.50495 -2.20559 -1.92853 -1.59429 -0.173475 -1.70892 -3.1972 3.69219 2.25422 2.60308 1.69203 -0.48106 -6.44754 -4.05256 -4.8744 -3.43526 -3.96008 
-1.00482 -0.47343 0.325758 -0.152035 -0.629704 0.895137 -0.767118 0.551861 0.851521 -0.697358 0.106078 -0.981536 -0.417716 -0.542106 -0.13578 0.414715 0.432353 0.223692 -0.563872 0.382446 0.189231 -0.968633 -0.966476 -0.737769 0.490448 
2.63666 1.07444 -0.410997 -2.83432 -4.02306 -5.08044 -0.517031 3.0864 4.69933 2.27409 1.39552 -1.31731 -1.76281 -1.41073 -1.76506 -2.24462 -0.660068 0.694502 0.411853 -0.920457 0.123523 -1.30571 -0.243328 -0.396986 1.79096 
-0.053248 -0.735011 -1.15875 -2.58881 -2.49982 -0.755945 0.0170526 -0.313914 1.15886 3.28007 0.708763 1.82457 0.780527 0.149432 0.280602 -0.371381 0.239622 0.618635 1.23374 1.16691 -0.87916 -0.893679 -1.79162 -2.41504 -2.65418 
-0.823878 -0.83662 0.00857722 -0.991694 0.0566444 0.566811 -0.117772 0.19932 0.329836 0.264333 -1.00496 -0.665075 0.287578 -0.362764 -0.907485 -0.729766 0.83724 -0.55839 -0.240208 0.171572 -0.741695 -1.08337 0.168322 0.223654 0.0486738 
4.75536 3.55507 2.54467 1.26431 -0.123739 0.676314 0.776032 0.278075 -0.711259 0.020242 2.29939 1.03619 1.19525 1.57044 2.14634 2.17146 -0.131303 -0.559817 -0.234995 -0.475564 -2.68431 -0.213066 0.866774 -0.721559 -2.42479 
-2.87471 -2.83205 -2.41239 -0.0908618 2.58704 0.779488 -0.933386 -1.21771 -1.52656 -1.58241 -3.20332 -2.13054 -0.538508 -0.438019 -0.0518127 3.51932 3.51103 2.28975 0.986093 -0.162763 -0.532603 -0.707019 -0.655558 -1.21788 -1.72816 
-0.533834 0.484264 0.259533 0.139311 0.509336 -1.07159 0.0725288 0.82303 0.511661 3.2582 5.18926 3.54549 2.43575 -0.354546 -3.39027 1.50901 2.40499 1.54972 1.26447 -1.74129 -2.96225 -2.80589 -0.37005 -2.30977 4.51553 
-0.474161 0.87539 -0.0127589 -0.777246 -0.187274 0.395056 -0.135963 -0.792267 0.525599 -0.806091 -0.118322 -0.311043 -0.405938 0.515186 -0.323061 -0.3402 -0.891301 0.142344 -0.0355451 -0.604161 -0.882159 0.816704 0.580827 -0.176016 -0.432581 
-2.78231 0.860743 2.64446 1.18731 -0.792882 -2.21981 -0.200276 1.17973 -0.498562 -2.26302 -1.13822 -1.33067 -0.552552 2.12511 6.83921 3.08756 0.237906 -0.495184 -1.94601 -4.30365 -2.94704 2.44552 3.33927 3.04965 3.56353 
-0.187224 0.279051 1.22541 2.07593 2.5907 1.57442 -0.30652 -0.845505 -0.750567 0.96385 0.708986 -1.35536 0.326159 0.707987 3.23112 1.8883 0.992392 -0.31504 -2.11672 -2.34254 -2.45508 -0.713227 -0.429894 -0.297127 5.4691 
3.49754 1.43283 0.329254 0.555356 0.427411 -1.01166 0.467495 0.932366 2.05393 3.58022 2.85447 2.65373 1.00117 -1.84489 -3.65574 1.81184 -0.125581 -0.10057 0.629866 -2.63176 -1.077 -1.52722 -2.39743 2.63757 3.73102 
2.31847 -1.04623 -1.88906 -3.71531 -5.14255 2.30925 2.95432 3.46266 2.85698 1.48719 -4.39209 -4.84859 -3.47955 -5.38235 -6.72114 1.37168 0.95975 0.00683081 1.39309 3.69479 -3.59147 -1.70605 -0.998622 0.121286 0.390892 
-0.901999 0.828015 -0.402832 -1.62529 0.312384 1.02979 0.0293344 0.812928 1.58752 -0.510059 1.98635 -1.48014 -1.67639 0.084342 -2.07625 3.96914 -0.101122 -1.15307 -1.90145 6.39308 6.21865 -1.71764 -2.57558 -2.08102 -5.14484 
-0.525865 0.254199 0.654569 -0.394127 -0.728709 0.193724 -0.998867 0.832015 -0.245115 0.0244919 -0.311734 -0.471893 -0.418014 0.667296 -0.751219 0.268826 -0.903345 -0.0851682 -0.248665 -0.693397 0.419346 0.230739 -1.08543 0.451051 -0.0572367 
-0.488316 -0.205675 -0.382784 0.00722337 0.419167 0.677075 -0.543906 -0.0785075 -0.261816 -0.909252 -0.87673 -0.623107 0.100566 0.628045 -0.192271 0.61546 -0.484221 -0.716436 -0.375285 0.763814 -0.0370158 -0.523627 -0.40905 -0.162616 0.381526 
0.315425 0.316285 -0.347859 -0.423691 -0.192963 0.967421 -1.7281 -1.1505 0.378552 2.30258 -0.809085 -0.341784 1.41608 1.54718 2.34786 -1.96671 -0.375193 -1.62497 -2.94948 -4.52863 3.85043 -0.366451 0.257683 1.73367 4.68919 
1.52463 0.600597 0.406225 0.567225 -0.553597 -0.0764276 -0.68419 0.64328 0.761608 2.09015 -1.23302 0.114981 1.31816 2.28737 0.485338 -0.342943 0.377832 -0.372318 -1.22009 -0.460502 3.50507 2.81353 2.8545 2.59908 3.06449 
2.25688 -0.281647 0.515279 1.68329 1.13013 0.00630593 -0.144473 -0.598889 -0.32261 1.46558 0.600518 0.258605 0.600547 1.09367 2.08718 1.32647 -0.906813 -1.5857 -1.08635 -1.08707 -2.66887 0.403851 1.11916 1.32166 1.77658 
-1.01732 1.03331 0.336581 0.65012 2.88536 1.86637 1.05029 -0.221606 -0.135991 -1.17338 2.54163 1.60495 -0.830119 -1.23065 -2.08901 1.33172 -0.367854 0.543833 1.61741 4.56862 0.0370268 0.165289 1.53146 2.22381 4.26148 
-3.85559 -0.181658 -0.495526 1.81255 1.07791 -0.0834718 -0.733103 -0.924664 0.756765 0.975234 0.404426 -0.330083 -0.636197 -1.14192 0.0337173 0.471251 0.356018 1.1949 0.77588 0.911207 -1.64373 -2.00871 -0.800037 -0.456051 -0.429315 
-1.96018 -0.105156 1.20992 0.103782 -0.147345 2.26022 0.901304 0.60172 -2.46917 -4.69575 0.915434 0.759873 1.11524 -0.00162849 0.549825 -1.6786 1.12185 1.96359 1.50611 -0.885087 4.17971 5.36944 4.61615 1.70583 -1.27249 
5.3436 -0.253279 -3.30304 -4.79599 -0.898191 5.37676 1.33422 0.0166084 -0.682786 -3.66225 -1.28566 -2.01389 -2.36956 -1.59469 -2.92098 -3.06843 -3.38974 -3.96506 -7.57715 -8.7718 -0.135972 0.433152 -0.848514 0.991471 1.72432 
-1.53881 1.24617 0.796407 2.06517 1.6443 2.1277 0.464803 -0.462582 -1.50805 -0.6399 1.74455 1.36517 0.431984 0.43125 0.615797 0.869508 1.47611 -0.143226 0.944161 0.759775 1.60865 1.49353 1.64226 1.67908 5.34694 
2.64474 0.420805 -1.19857 -0.208476 1.44156 2.68674 2.07427 1.92077 1.47461 0.651806 2.32032 0.293896 -0.691118 -1.41277 -1.28582 1.49166 -0.0184935 -1.27577 -1.33534 2.33543 -0.953075 -2.76104 -1.2119 -0.630193 5.02724 
-0.748156 -0.252676 -0.733413 -0.476275 -0.747938 -0.594365 0.50105 -0.8581 -0.0821725 0.926487 -0.530648 -0.604964 0.367892 -0.837347 0.708473 -0.694875 -0.759647 0.618248 0.888385 -0.908959 -0.879475 0.659444 -0.717641 0.602336 -0.545023 
2.26402 -1.17296 -0.415859 -0.405846 2.82308 0.442767 -1.74434 -3.30774 -3.33354 2.1603 4.20974 2.17351 1.648 0.0205347 -2.19933 -5.66281 -3.7189 -1.82378 -2.59868 -0.0716677 -0.0818236 -0.511902 -2.04752 -0.693329 -0.283603 
0.229583 0.147089 -0.175277 -0.679531 -0.0619844 0.165458 0.164806 -0.590671 -1.04551 0.885452 -0.619553 0.254644 0.0937017 -0.27506 -0.788796 -0.131632 -0.754589 0.131262 0.038416 -0.0811924 0.729539 -0.867082 -0.291483 -0.813114 -0.422219 
/ 
50 50 relu 
1.25239 1.10022 1.35045 0.245845 0.653104 0.896819 0.679592 -0.709553 1.26218 0.305556 1.42523 -0.214593 1.69445 2.02811 -2.12483 0.140195 4.30071 0.0422574 -0.0359751 0.159772 1.28139 2.64065 1.58118 0.395505 -0.43853 -0.525641 0.479486 -0.892952 -1.88823 -0.473353 0.626282 1.44434 0.426894 2.84708 0.218666 0.974471 0.154385 0.271575 -1.1204 -1.02427 1.75999 -1.97949 1.24049 0.673547 -0.654319 -2.01313 0.0822394 -0.723996 -0.781769 -0.188234 
1.12419 1.02209 1.07813 0.143869 -0.395475 1.01813 1 -0.928854 1.3401 0.359518 1.4985 0.067687 1.5713 1.91106 -1.92011 0.151723 4.27365 -0.0745261 0.138486 0.0855951 1.50268 2.6367 1.62014 -0.688671 -0.515689 -0.56221 -0.508667 -0.924747 -1.83709 -0.2759 -0.861335 1.42157 0.678501 2.60128 -0.0387836 1.0736 0.323963 -0.201515 -1.04971 -0.636003 1.59144 -1.73662 1.63177 0.591722 -0.462727 -2.44777 0.189043 -0.313021 -0.972102 -0.6218 
1.02428 0.947122 0.820966 0.0916936 -0.209714 1.10294 -0.247446 -1.11097 1.41268 0.372545 1.55272 0.85967 1.52307 1.82635 -1.75246 -0.0642826 4.22218 -0.160972 0.266049 0.019508 1.77839 2.67255 1.71575 -0.731369 -0.588573 -0.598588 -0.110005 -0.966319 -1.8299 -0.237853 0.99449 1.42112 0.523699 2.50545 -0.200978 1.23977 0.312841 0.949828 -1.0456 -0.581784 1.67047 -1.87349 1.77456 0.419085 0.08123 -2.19823 0.323902 0.898788 -1.10942 -0.419747 
1.02242 0.915358 0.603667 -0.0548276 -0.177911 1.17226 0.628449 -1.22691 1.45853 0.347938 1.65229 1.34534 1.82668 1.80675 -1.64571 -0.147794 4.12326 -0.035189 0.381397 -0.0154385 1.92738 2.73952 1.88859 -0.042216 -0.675159 -0.57917 0.739704 -1.09093 -1.90805 -0.159009 0.883972 1.39252 0.358317 2.38442 -0.303004 1.39784 -0.669008 -0.769147 -1.05299 -0.610053 1.90306 -2.12577 0.862246 0.154469 0.0753207 -1.75536 0.502002 0.0948025 -1.21126 0.00821006 
1.01715 0.807854 0.311798 -0.220557 -0.0164004 1.28936 -0.335375 -1.38383 1.5812 0.346116 1.80664 1.5149 1.85679 1.84282 -1.60787 -0.0710723 4.05978 0.00804859 0.505751 -0.0217606 2.14888 2.79419 1.99349 0.068904 -0.733937 -0.626656 -0.192154 -1.20245 -1.95118 0.00399594 -0.628507 1.40055 0.532296 2.24969 -0.485125 1.48809 -0.63069 -0.09315 -1.0411 -0.455779 1.85535 -2.21704 0.956082 -0.0135883 0.185433 -1.71754 0.64145 -0.33286 -1.26305 -0.257946 
0.954499 0.749764 0.0149798 -0.434768 0.223733 1.43805 -0.329794 -1.56343 1.7432 0.275094 1.97562 1.53504 1.885 1.84184 -1.60343 0.0611811 4.01107 0.074077 0.628229 0.00630324 2.37956 2.81174 2.06773 -0.752231 -0.863795 -0.680808 0.569344 -1.27845 -1.95879 0.341896 -0.124794 1.44786 1.14042 1.90493 -0.578442 1.53121 0.341056 0.127031 -1.00581 0.0682036 1.52969 -1.81392 1.07298 -0.0792518 0.401822 -2.51754 0.783785 0.491044 -1.27755 0.558157 
0.984488 0.784717 -0.227128 -0.64368 -0.594075 1.49943 0.00671518 -1.63611 1.85699 0.11809 2.14217 1.68266 1.80294 1.88502 -1.54469 0.130167 3.93521 0.183856 0.744859 0.0853413 2.61248 2.82587 2.16515 -0.596134 -0.826415 -0.78891 0.79477 -1.39329 -1.9723 0.515419 0.54463 1.46636 1.21245 1.75462 -0.936639 1.54338 -0.459463 -0.0158639 -1.04517 0.173857 1.57024 -1.93911 1.75089 -0.193337 0.546827 -2.44417 0.99836 0.821706 -1.29991 -0.162295 
0.92158 0.781734 -0.457076 -0.831246 -0.254021 1.69751 0.613403 -1.84924 1.97616 -0.0198738 2.23888 1.71695 2.12943 1.88767 -1.55808 0.37626 3.82379 0.277225 0.876817 0.122928 2.70615 2.85888 2.2707 -0.172085 -0.844997 -0.769959 -0.568536 -1.41767 -2.02294 0.746499 -0.310458 1.51856 1.69964 1.52463 -0.681346 1.51705 -0.955594 0.960217 -0.903317 0.561429 0.989691 -1.77249 0.899694 -0.386823 0.716102 -2.77695 1.1371 -0.853923 -1.23607 -0.206384 
0.981592 0.883867 -0.681457 -1.05037 0.926123 1.77158 0.179272 -1.89291 2.05133 -0.270133 2.34895 1.87802 2.12474 1.9166 -1.4955 0.412768 3.71818 0.446627 0.981176 0.263457 2.86355 2.87505 2.37018 -0.84537 -0.795894 -0.876559 -0.799331 -1.50714 -2.04713 0.868467 -0.122687 1.53049 1.65289 1.43928 -0.622675 1.44127 0.603533 0.973189 -0.89846 0.523286 0.968777 -2.06914 1.44119 -0.538896 0.819842 -2.39223 1.37549 -0.654146 -1.17529 -0.220548 
1.00618 1.00447 -0.824254 -1.26618 0.82428 1.85906 0.928393 -1.92956 2.10593 -0.572211 2.40964 1.99343 2.16371 1.92395 -1.43085 0.525065 3.60104 0.626762 1.07484 0.434447 2.96739 2.8422 2.44962 0.622795 -0.78645 -0.963268 0.0981675 -1.56108 -2.04743 1.0047 0.365911 1.54379 1.64306 1.30393 -0.390186 1.32931 0.957406 0.984213 -0.853361 0.542782 0.840124 -2.24049 1.80488 -0.682845 0.924826 -2.10494 1.60656 -0.672127 -1.08495 -0.5831 
1.02191 1.13777 -1.00792 -1.48019 -0.644015 2.01304 0.522879 -2.0275 2.1725 -0.893451 2.44715 2.05715 2.3186 1.93584 -1.38087 0.631548 3.48746 0.815764 1.19234 0.594299 3.00575 2.81474 2.51418 -0.147904 -0.777483 -1.018 0.388962 -1.59541 -2.0617 1.1805 0.177683 1.59322 1.80195 1.14271 -0.205685 1.16769 -0.998417 0.325825 -0.711429 0.637346 0.505792 -2.26238 1.73012 -0.830168 1.02404 -2.03939 1.81963 -0.989637 -0.961292 -0.857734 
1.13108 1.28944 -1.28032 -1.63365 -0.409299 2.08661 -0.408285 -2.03501 2.17242 -1.20374 2.46113 2.22037 2.54748 1.94742 -1.28007 0.734098 3.33806 0.994861 1.31787 0.723621 2.95887 2.81571 2.62466 -0.686638 -0.834463 -1.04436 0.553842 -1.64215 -2.11479 1.17681 -0.158411 1.59809 1.42649 1.16031 0.238504 1.01089 0.562189 -0.635269 -0.614961 0.312048 0.616245 -2.74563 1.44471 -1.00985 1.13505 -1.20441 2.04377 0.891926 -0.807935 -0.226024 
1.12635 1.41011 -1.47296 -1.85815 -0.736825 2.30127 -0.913018 -2.15895 2.23898 -1.53495 2.47657 2.20055 2.67361 1.95882 -1.23665 0.840712 3.23236 1.19436 1.45054 0.905808 2.9509 2.71769 2.60746 0.945734 -0.841245 -1.09074 0.64714 -1.65195 -2.09943 1.46376 0.189215 1.71417 1.8785 0.885833 0.443123 0.74189 0.252429 -0.768937 -0.389215 0.605886 0.0903138 -2.34148 1.38285 -1.06722 1.12101 -1.74806 2.21313 0.197559 -0.639552 -0.825107 
1.24586 1.52642 -1.51228 -2.00175 0.618023 2.41313 0.430921 -2.16324 2.21952 -1.86095 2.43416 2.36441 2.67122 2.00274 -1.12457 0.847665 3.11568 1.386 1.54781 1.13083 2.95031 2.59862 2.56922 0.461663 -0.847424 -1.17662 0.0899491 -1.70079 -2.09505 1.46217 -0.940333 1.80204 1.49078 0.92368 0.816565 0.428724 0.539581 -0.830649 -0.214791 0.254875 0.134563 -2.61012 1.78117 -1.22622 1.25866 -1.01076 2.3925 -0.442873 -0.508265 0.427555 
1.26695 1.60678 -1.43407 -2.14447 0.147742 2.59486 -0.298063 -2.24892 2.22906 -2.15801 2.37042 2.38842 2.84073 2.03858 -1.08135 1.01989 3.01738 1.54718 1.64358 1.34396 2.8761 2.42033 2.49913 -0.65598 -0.809647 -1.20343 0.372649 -1.72082 -2.0692 1.62212 -0.949935 1.94079 1.62062 0.751721 1.03337 0.0986324 -0.936449 0.186701 0.0487782 0.343121 -0.163357 -2.20929 1.40782 -1.3188 1.3159 -1.24018 2.48025 -0.869545 -0.404453 0.567082 
1.37515 1.6623 -1.35717 -2.24664 0.277111 2.69397 -0.306818 -2.25785 2.19931 -2.4251 2.28981 2.50044 2.95938 2.08631 -0.991574 1.09286 2.92386 1.69153 1.72512 1.56837 2.7757 2.23997 2.43176 0.155949 -0.77144 -1.25068 -0.759486 -1.75955 -2.05109 1.65154 0.0959193 2.05246 1.36853 0.736368 1.29951 -0.237658 0.17836 -0.898688 0.271264 0.103289 -0.128984 -2.14474 1.18265 -1.41617 1.43877 -0.894313 2.55785 -0.656542 -0.316674 0.926871 
1.48275 1.67837 -1.22819 -2.34406 0.346002 2.76981 -0.151372 -2.25005 2.16458 -2.65483 2.20887 2.59807 2.90015 2.12645 -0.910079 1.19854 2.86047 1.82295 1.78666 1.83021 2.69921 2.04922 2.30265 0.0919229 -0.754128 -1.34485 0.279683 -1.79327 -1.99183 1.68076 0.0296285 2.16909 1.11741 0.71963 1.69857 -0.607027 0.263176 -0.608829 0.482117 -0.146625 -0.0698284 -2.05569 1.4721 -1.4858 1.58321 -0.577175 2.62659 -0.531978 -0.263306 0.0794989 
1.60743 1.63134 -0.973207 -2.39379 -0.582718 2.81824 -0.285676 -2.26239 2.10103 -2.8003 2.11583 2.72484 3.01637 2.19852 -0.839286 1.26126 2.81056 1.92297 1.83639 2.05763 2.5959 1.84172 2.15381 0.605056 -0.621997 -1.39455 0.112445 -1.8228 -1.96106 1.64669 0.159912 2.29827 0.805424 0.776235 1.91647 -0.958477 0.375964 -0.751783 0.74369 -0.472364 -0.0377646 -1.9963 1.0445 -1.60701 1.75919 -0.0951841 2.62526 0.756422 -0.247769 -0.21573 
1.72919 1.58889 -0.708156 -2.42835 0.615591 2.7874 0.961872 -2.22719 2.00939 -2.89841 2.02591 2.80134 3.00961 2.25357 -0.773697 1.41387 2.77241 2.00257 1.88252 2.27429 2.45874 1.61 1.96715 -0.604923 -0.481416 -1.45614 -0.430831 -1.84607 -1.88568 1.62468 -0.536152 2.40769 0.488807 0.824778 2.12591 -1.31498 -0.419334 0.3482 0.977496 -0.777553 0.0947674 -1.81996 0.852225 -1.64597 1.90658 0.218425 2.58191 0.935335 -0.247131 0.792973 
1.76683 1.47427 -0.351853 -2.44192 -0.323509 2.78792 0.0201485 -2.27867 1.9381 -2.90895 1.92112 2.76526 3.07392 2.29026 -0.742934 1.58192 2.76331 2.03163 1.91665 2.43898 2.33901 1.34507 1.72797 -0.502866 -0.336934 -1.47305 -0.210059 -1.81556 -1.78823 1.70793 0.845086 2.53374 0.663519 0.760207 2.41245 -1.65369 0.0358966 0.645655 1.29002 -0.728925 -0.238731 -1.2387 0.197306 -1.6493 2.09835 -0.109703 2.43373 0.0317514 -0.264943 0.113248 
1.88975 1.37626 -0.00367852 -2.40328 0.0449801 2.65434 0.254738 -2.22489 1.82468 -2.88439 1.8344 2.81564 2.81841 2.36057 -0.651385 1.66928 2.74668 2.04196 1.94618 2.60936 2.28608 1.07777 1.45788 -0.826287 -0.106545 -1.57682 -0.146792 -1.81344 -1.67545 1.61918 0.0148421 2.6131 0.34976 0.9094 2.59916 -1.99387 -0.17845 -0.0385143 1.51082 -1.07188 -0.166124 -1.1365 0.653767 -1.63183 2.27627 0.306945 2.2934 0.486283 -0.314455 -0.283863 
1.96764 1.27145 0.501073 -2.34842 -0.692714 2.47855 0.570988 -2.16239 1.68556 -2.81138 1.69331 2.72698 2.87125 2.39255 -0.602937 1.8458 2.75999 2.03274 1.94047 2.70928 2.16198 0.774536 1.15154 0.995722 0.0827149 -1.57531 -0.433984 -1.75914 -1.56561 1.61444 0.628655 2.6833 0.263271 0.935158 2.79097 -2.29727 0.161521 0.36035 1.79057 -1.18266 -0.250327 -0.576133 -0.18206 -1.59814 2.54328 0.165876 2.03898 -0.807985 -0.38369 -0.741998 
2.04177 1.11479 0.799825 -2.28244 0.367951 2.28562 0.347207 -2.08225 1.57316 -2.67082 1.56957 2.62296 2.58933 2.4092 -0.541882 2.10292 2.76055 1.99422 1.96049 2.78269 2.06636 0.534509 0.873766 0.870164 0.272637 -1.63704 -0.163847 -1.6804 -1.41463 1.60502 0.193879 2.67234 0.328914 1.03426 3.08588 -2.59283 0.106865 -0.207105 1.99555 -1.28625 -0.472096 -0.266769 0.146934 -1.46304 2.72459 0.0987281 1.77965 -0.765052 -0.428869 -0.874227 
2.10117 0.942598 1.1434 -2.22263 -0.269369 2.06097 0.68373 -1.9956 1.44543 -2.45864 1.42853 2.45832 2.52995 2.41623 -0.506174 2.2783 2.78224 1.9587 1.96 2.75428 1.94425 0.299167 0.598512 -0.668361 0.509204 -1.60802 -0.754847 -1.57991 -1.29084 1.66814 -0.620022 2.62867 0.640103 1.06467 3.2299 -2.82549 -0.0386002 -0.548435 2.21488 -1.22397 -0.83448 0.258751 -0.393884 -1.29534 2.87185 -0.331237 1.45048 -0.631575 -0.470552 0.776197 
2.24069 0.817227 1.39712 -2.122 0.889976 1.6686 -0.280619 -1.75002 1.28281 -2.24042 1.24451 2.38984 2.14283 2.43541 -0.406007 2.43897 2.78521 1.90718 1.9516 2.70969 1.86018 0.109542 0.379337 -0.740505 0.722754 -1.6387 -0.212167 -1.50594 -1.16926 1.54442 0.880031 2.47067 0.37538 1.29041 3.47178 -3.00157 -0.209269 0.345409 2.25305 -1.58909 -0.653653 0.161027 0.282368 -1.10084 3.03807 0.122564 1.17286 -0.824161 -0.515043 0.151712 
2.36056 0.661338 1.51353 -2.00967 -0.0168651 1.30096 -0.980871 -1.55683 1.11923 -1.95359 1.09004 2.26073 2.16251 2.42332 -0.343036 2.61216 2.77072 1.8385 1.96632 2.54194 1.67452 -0.0212753 0.228994 -0.575098 0.926872 -1.54895 0.207343 -1.39203 -1.11895 1.46946 -0.883733 2.31866 0.353759 1.47689 3.67424 -3.07872 -0.40169 0.846811 2.34721 -1.8135 -0.693379 0.20186 -0.480835 -0.906668 3.12811 0.26528 0.848221 -0.0194559 -0.486785 -0.423807 
2.45741 0.506313 1.56949 -1.91835 -0.838953 0.911661 -0.691136 -1.32794 0.946219 -1.65107 0.937227 2.11616 1.99253 2.3948 -0.249175 2.71954 2.74985 1.76757 1.97999 2.35816 1.54516 -0.155375 0.104371 0.0748541 1.12973 -1.47483 0.629137 -1.27733 -1.04304 1.44547 0.378796 2.12393 0.452338 1.59381 3.82182 -3.11586 0.0522493 -0.630506 2.36082 -1.9439 -0.723446 0.261448 -0.606835 -0.63987 3.19738 0.253154 0.549015 -0.87772 -0.434611 -0.253313 
2.48154 0.32463 1.72655 -1.85436 0.825797 0.593031 -0.903435 -1.13196 0.773484 -1.33609 0.804446 1.91167 1.81747 2.31847 -0.171576 2.85179 2.75418 1.70151 1.96546 2.16683 1.42498 -0.326704 -0.0863892 -0.369919 1.30257 -1.38203 0.246975 -1.13443 -0.924297 1.54434 -0.0512554 1.94782 0.913301 1.56444 3.97984 -3.16456 -0.513086 -0.0899264 2.40555 -1.78567 -1.06115 0.668373 -0.812075 -0.340794 3.19982 -0.300763 0.231434 -0.558722 -0.360695 -0.708286 
2.66436 0.181516 1.58705 -1.75054 0.579721 0.106726 -0.201881 -0.73959 0.522633 -0.986873 0.631329 1.89321 1.55458 2.27188 0.00276652 2.89099 2.7071 1.63228 1.96744 1.91085 1.22291 -0.368621 -0.0938746 0.0343971 1.48914 -1.29108 -0.371284 -1.05838 -0.885769 1.39285 -0.541787 1.64433 0.525316 1.7802 4.04653 -3.09243 -0.763728 -0.226599 2.20078 -2.3008 -0.46489 0.150271 -0.497813 -0.0509826 3.251 0.413222 0.0295665 0.744762 -0.255164 0.848335 
2.66224 0.00256119 1.39511 -1.74498 0.29914 -0.206489 0.410439 -0.477215 0.330662 -0.622229 0.533959 1.67561 1.20078 2.14561 0.124558 2.96321 2.6948 1.58153 1.96805 1.6508 1.06851 -0.46228 -0.16729 -0.633299 1.58263 -1.1831 0.13441 -0.944123 -0.765355 1.61551 -0.0302057 1.39859 1.19952 1.57068 4.15546 -3.02275 -0.720433 -0.877688 2.04135 -1.97844 -0.582284 0.567543 -0.0218204 0.389096 3.11883 -0.526603 -0.181747 0.624007 -0.0788895 -0.781284 
2.73022 -0.15751 1.26231 -1.69452 0.0689628 -0.583781 -0.633597 -0.121277 0.0882453 -0.293504 0.390487 1.59151 1.1402 2.03272 0.283495 2.99151 2.64492 1.54329 1.9451 1.36451 0.868122 -0.521808 -0.14487 -0.108646 1.70496 -1.02595 0.434644 -0.851399 -0.736662 1.64642 0.231151 1.11569 1.28887 1.52219 4.15772 -2.83818 -0.231848 -0.626983 1.81232 -2.07943 -0.268422 0.501828 -0.382492 0.714115 3.04402 -0.578482 -0.351005 0.22963 0.104846 -0.679462 
2.81141 -0.287901 1.03694 -1.66634 0.245837 -0.992602 0.379988 0.289758 -0.149556 0.00888742 0.258109 1.57534 0.796263 1.90457 0.479454 2.97511 2.57858 1.53046 1.92386 1.09045 0.677782 -0.546558 -0.102532 -0.920814 1.82942 -0.924497 0.634671 -0.788197 -0.658128 1.63852 -0.670306 0.81544 1.1532 1.50109 4.07315 -2.63728 0.0630694 0.857815 1.45713 -2.31891 0.306072 0.156598 0.328167 1.05245 2.98113 -0.314346 -0.410464 -0.548603 0.289436 -0.80106 
2.82431 -0.408408 0.836175 -1.64795 -0.569181 -1.35693 -0.00931068 0.679949 -0.39213 0.280749 0.121461 1.51174 0.595466 1.74043 0.687565 2.97443 2.49839 1.52436 1.89562 0.802457 0.462841 -0.60769 -0.0355133 0.771925 1.90124 -0.784114 -0.973449 -0.70863 -0.573668 1.69964 -0.495439 0.537434 1.17543 1.35395 3.94217 -2.38774 0.511889 -0.94597 1.10011 -2.37658 0.765828 0.0464011 0.50671 1.403 2.94362 -0.379898 -0.450327 0.37919 0.509391 -0.438058 
2.78214 -0.510582 0.568311 -1.65178 -0.677337 -1.69667 -0.615981 1.0416 -0.628906 0.539501 0.0230634 1.39886 0.674403 1.55307 0.866956 3.01805 2.39345 1.53778 1.87036 0.474783 0.19533 -0.645563 0.108892 0.198558 1.9501 -0.569906 0.963666 -0.618114 -0.522673 1.83031 -0.129977 0.268477 1.36559 1.09281 3.7299 -2.05413 0.0750868 -0.556066 0.733448 -2.25435 1.13226 0.118017 -0.263979 1.74479 2.85191 -0.766551 -0.466121 -0.0242175 0.775787 0.546172 
2.68513 -0.609514 0.359738 -1.66257 -0.613218 -1.98652 -0.503091 1.36679 -0.859058 0.775618 -0.081083 1.27783 0.51068 1.35422 1.04377 3.04744 2.28041 1.56902 1.84698 0.183285 -0.0254698 -0.688671 0.20383 0.394179 2.00291 -0.404222 -0.475892 -0.519417 -0.407867 1.96702 0.539949 0.0330567 1.55741 0.803172 3.41967 -1.76998 -0.913521 0.105503 0.361161 -2.08776 1.39401 0.186076 -0.154306 2.06541 2.86928 -1.14766 -0.412202 -0.977977 1.04683 -0.867746 
2.53016 -0.690194 0.174511 -1.72231 -0.914957 -2.23776 -0.162632 1.66921 -1.04882 0.944091 -0.170367 1.09582 0.080645 1.13253 1.21618 3.11395 2.15058 1.63599 1.84023 -0.0293372 -0.173131 -0.762292 0.206383 0.131772 2.00194 -0.315673 -0.611946 -0.394861 -0.236673 2.19374 -0.91508 -0.188839 1.94174 0.420986 3.16888 -1.52468 0.933495 0.486142 0.00721531 -1.73479 1.4123 0.426168 0.904526 2.39811 2.86761 -1.80986 -0.325747 0.107604 1.34169 -0.401172 
2.4587 -0.762935 0.00307078 -1.68473 0.875991 -2.47656 -0.363509 1.99887 -1.25768 1.09302 -0.329616 1.06107 -0.00487713 0.969901 1.40242 3.11637 1.95615 1.69063 1.85727 -0.278855 -0.393597 -0.770464 0.279634 -0.00788578 2.08255 -0.172604 0.129065 -0.288601 -0.200247 2.14022 -0.688653 -0.434266 1.65022 0.336092 2.79746 -1.22528 0.163766 0.797688 -0.340934 -1.89403 1.75752 0.0123038 0.985163 2.53534 2.90504 -1.30072 -0.246091 0.990916 1.63505 -0.284508 
2.30163 -0.832267 -0.0782355 -1.63397 -0.353286 -2.62094 0.111465 2.22085 -1.41796 1.2068 -0.495566 0.936776 0.0884447 0.778674 1.53296 3.21532 1.74505 1.73369 1.89113 -0.544677 -0.663859 -0.801838 0.293036 0.441208 2.12146 0.0315903 -0.93186 -0.139633 -0.163023 2.14959 -0.729249 -0.614571 1.60804 0.144491 2.42006 -0.92166 -0.981823 0.0566558 -0.567269 -1.79248 1.74981 -0.0383219 0.28497 2.6101 2.9714 -1.23554 -0.205353 -0.0113557 1.93456 -0.836651 
2.09752 -0.89548 -0.238967 -1.62741 -0.0986437 -2.73355 -0.19604 2.40092 -1.54484 1.31204 -0.624358 0.753758 0.03198 0.557015 1.66431 3.30882 1.53063 1.80239 1.94701 -0.793992 -0.891026 -0.839697 0.29279 -0.607804 2.14875 0.201853 -0.636213 0.00570264 -0.0798975 2.27277 -0.303931 -0.80785 1.84681 -0.180009 2.05182 -0.617288 0.29712 -0.590586 -0.810861 -1.44495 1.60991 0.0891123 0.0263062 2.74008 2.97498 -1.58496 -0.139381 -0.107051 2.24454 -0.87958 
1.85612 -1.00122 -0.12046 -1.5929 -0.909893 -2.77671 -0.870369 2.49848 -1.63443 1.3992 -0.774564 0.628129 -0.387442 0.346988 1.78001 3.44155 1.32538 1.84712 1.99481 -0.942947 -0.994636 -0.928263 0.121609 0.475228 2.244 0.268809 0.217839 0.163979 0.0847148 2.32761 0.51292 -0.955138 2.02852 -0.431055 1.68139 -0.424458 -0.774408 0.1998 -0.963514 -1.11785 1.21201 0.140986 0.932434 2.75993 3.00613 -1.65608 -0.080318 0.626565 2.4824 0.0569007 
1.63464 -1.09105 -0.0922056 -1.50476 0.50401 -2.82405 0.918813 2.57452 -1.72147 1.49518 -0.917896 0.522414 -0.39182 0.13621 1.86688 3.56402 1.08857 1.8671 2.05579 -1.18154 -1.23807 -0.960684 0.0696236 -0.96016 2.29472 0.45496 -0.328412 0.308322 0.153489 2.30541 -0.143486 -1.10998 2.0149 -0.651223 1.34191 -0.127147 -0.992327 -0.152688 -1.11369 -0.878751 1.05887 0.110657 0.442255 2.71971 3.09238 -1.57018 -0.0453766 -0.0479593 2.71291 0.150076 
1.40976 -1.17861 -0.0311364 -1.38411 -0.483059 -2.85097 0.886737 2.60217 -1.77515 1.57628 -1.04527 0.432389 -0.51871 -0.0669694 1.9419 3.65107 0.840348 1.86212 2.13651 -1.40219 -1.45716 -0.988406 -0.103269 -0.383716 2.37232 0.619028 -0.516702 0.457718 0.213046 2.22905 0.131224 -1.24068 1.9106 -0.851067 1.03045 0.15149 0.00266788 -0.736226 -1.21473 -0.687126 0.902002 0.0292052 0.090339 2.61849 3.22299 -1.33565 -0.011321 0.632079 2.90745 0.14183 
1.13072 -1.32218 0.113662 -1.27548 -0.665105 -2.7605 0.956642 2.5129 -1.7819 1.6738 -1.14865 0.344098 -0.812813 -0.281004 1.97416 3.75595 0.603159 1.83933 2.21188 -1.56682 -1.5686 -1.02226 -0.32067 0.816829 2.48128 0.730673 -0.791486 0.616834 0.308866 2.21175 0.301253 -1.33739 2.13841 -1.08949 0.818997 0.359655 0.97372 0.391134 -1.2323 -0.280685 0.348501 0.0879776 0.291556 2.49201 3.22846 -1.3697 -0.00272008 0.801703 3.07338 -0.37516 
1.02321 -1.38155 0.19474 -1.10878 -0.746059 -2.80729 -0.583171 2.53271 -1.84744 1.74274 -1.26402 0.426497 -1.10037 -0.478233 2.03955 3.72368 0.368136 1.81082 2.26262 -1.72152 -1.68005 -0.976144 -0.475505 0.621425 2.53149 0.809017 -0.140388 0.693655 0.390383 1.92149 -0.00309804 -1.45529 1.48839 -1.01164 0.72854 0.588243 -0.993153 0.0737185 -1.34135 -0.55575 0.619713 -0.564381 0.782123 2.30631 3.34543 -0.247556 0.0597613 -0.283519 3.2001 0.0373095 
0.778845 -1.51472 0.409369 -0.936388 -0.015575 -2.68463 0.0586123 2.36175 -1.8319 1.84134 -1.36336 0.397523 -1.26185 -0.696959 2.03339 3.83455 0.165487 1.7251 2.319 -1.90626 -1.83641 -1.00024 -0.767884 -0.675493 2.57971 0.970348 -0.802462 0.819265 0.476978 1.79952 -0.117533 -1.47095 1.54181 -1.14201 0.638816 0.808024 -0.896251 -0.39227 -1.27044 -0.282445 0.181058 -0.527594 0.155764 2.10517 3.4055 -0.113204 0.0199786 0.0703226 3.31103 -0.212085 
0.573925 -1.55743 0.741068 -0.822716 -0.626493 -2.64353 0.776231 2.25288 -1.82262 1.86875 -1.17953 0.457809 -1.71433 -0.855868 2.04639 3.82592 0.0305976 1.66915 2.43795 -2.06848 -1.83068 -1.00997 -2.50186 -0.559857 2.61744 1.04275 0.17874 0.848562 0.477918 1.66775 0.176549 -1.52263 1.40901 -1.2589 0.621627 1.1262 0.606453 -0.0727302 -1.35701 -0.103583 0.133332 -0.767254 1.0206 1.95034 3.36438 0.276043 0.0887683 -0.731091 3.39707 -0.694259 
0.311239 -1.69018 1.25578 -0.662619 -0.715397 -2.50445 -0.240944 2.05775 -1.78231 1.96388 -1.21115 0.449259 -1.90629 -1.0219 2.03262 3.94709 -0.0649584 1.55892 2.52273 -2.24166 -1.89782 -1.13899 -3.65323 -0.449788 2.68488 1.21772 -0.437063 0.900692 0.529 1.58495 -0.222771 -1.49016 1.52303 -1.46378 0.518827 1.35858 -0.318085 0.234092 -1.28256 0.280077 -0.203227 -0.47534 0.285296 1.78609 3.33132 0.151476 0.0386495 0.134202 3.39815 -0.394154 
0.128982 -1.78261 1.45774 -0.490838 -0.641814 -2.40939 0.584049 1.89342 -1.74985 2.00834 -1.1954 0.52599 -2.57202 -1.23557 2.05112 3.87625 -0.213393 1.4296 2.546 -2.30833 -1.78176 -1.13708 -4.0698 0.537694 2.65364 1.21294 0.94082 0.926612 0.665064 1.38365 0.544421 -1.47039 1.25591 -1.49655 0.560611 1.5608 0.00928639 -0.196071 -1.31324 0.326668 -0.157981 -0.729934 1.3879 1.62979 3.35888 0.619921 0.0900484 0.721657 3.39253 0.829193 
-0.0254952 -1.85374 1.71461 -0.321217 -0.807299 -2.35801 0.84495 1.75389 -1.71932 2.06694 -1.26637 0.603683 -2.87519 -1.38803 2.0774 3.92903 -0.36308 1.2777 2.5757 -2.41822 -1.76956 -1.18113 -4.57135 0.95708 2.56635 1.30121 -0.338521 0.91637 0.727607 1.17814 -0.644726 -1.43113 0.916846 -1.52282 0.685061 1.78353 0.0550622 0.564959 -1.34968 0.334964 0.0633012 -0.865891 1.22121 1.49876 3.38538 1.01935 0.11009 -0.911047 3.34742 -0.103427 
-0.235779 -1.97459 1.75048 -0.171772 0.195628 -2.19893 -0.244164 1.49931 -1.6183 2.1282 -1.31563 0.582779 -3.09758 -1.53381 2.06943 4.01199 -0.552941 1.11502 2.6262 -2.4955 -1.71809 -1.19891 -4.6694 0.976849 2.51408 1.35579 0.986343 0.944406 0.793359 1.10407 -0.513459 -1.33892 1.0894 -1.6424 0.660675 1.96697 0.83608 -0.657256 -1.30606 0.65065 -0.185751 -0.708811 1.14361 1.41376 3.3824 0.795194 0.103601 -0.0541234 3.33554 0.668766 
/ 